waterscout/data/rwauds00g.asc
ncols         360
nrows         360
xllcorner     28
yllcorner     -3
cellsize      0.0083333333333
NODATA_value  -9999
[rows 248 to 278 of 360, columns 280 to 349 of 360]
291.4168 291.4168 291.4168 291.4168 291.4168 291.4168 291.4168 291.4168 291.4168 291.4168 291.4168 276.1367 270.3153 382.8145 382.8145 382.8145 382.8145 382.8145 382.8145 382.8145 382.8145 382.8145 382.8145 382.8145 382.8145 382.8145 382.8145 382.8145 380.4204 281.0391 266.9651 266.9651 266.9651 266.9651 184.4308 46.71023 46.71023 46.71023 46.71023 46.71023 46.71023 51.9135 135.1665 202.5791 226.8739 226.8739 226.8739 226.8739 226.8739 226.8739 216.4769 139.0027 139.0027 139.0027 139.0027 139.0027 139.0027 139.0027 139.0027 139.0027 139.0027 139.0027 139.0027 139.0027 139.0027 139.0027 139.0027 139.0027 -9999 -9999
291.4168 291.4168 291.4168 295.8326 315.877 304.4145 291.4168 291.4168 291.4168 291.4168 291.4168 291.4168 392.94 384.1523 382.8145 382.8145 382.8145 382.8145 382.8145 382.8145 382.8145 382.8145 382.8145 382.8145 382.8145 382.8145 382.8145 382.8145 334.5105 266.9651 266.9651 266.9651 266.9651 246.9229 70.77002 46.71023 46.71023 46.71023 46.71023 46.71023 76.07787 198.1051 226.8739 226.8739 226.8739 226.8739 226.8739 226.8739 226.8739 226.8739 -9999 139.0027 139.0027 139.0027 139.0027 139.0027 139.0027 139.0027 139.0027 139.0027 139.0027 139.0027 139.0027 139.0027 139.0027 139.0027 139.0027 139.0027 -9999 -9999
291.4168 291.4168 392.94 392.94 392.94 392.94 392.94 392.94 392.94 392.94 392.94 392.94 392.94 390.6771 382.8145 382.8145 382.8145 382.8145 382.8145 382.8145 382.8145 382.8145 382.8145 382.8145 382.8145 382.8145 382.8145 382.8145 307.4337 266.9651 266.9651 266.9651 266.9651 135.1262 46.71023 46.71023 46.71023 46.71023 66.67072 129.8336 194.0001 226.8739 226.8739 226.8739 226.8739 226.8739 226.8739 226.8739 226.8739 -9999 -9999 139.0027 139.0027 139.0027 139.0027 139.0027 139.0027 139.0027 139.0027 139.0027 139.0027 139.0027 139.0027 139.0027 139.0027 139.0027 139.0027 139.0027 -9999 -9999
381.8732 392.94 392.94 392.94 392.94 392.94 392.94 392.94 392.94 392.94 392.94 392.94 392.94 391.6895 382.8145 382.8145 382.8145 382.8145 382.8145 382.8145 382.8145 382.8145 382.8145 382.8145 382.8145 382.8145 382.8145 382.8145 369.0268 354.382 335.9233 295.4509 225.7682 50.78791 46.71023 46.71023 46.71023 92.01553 222.7334 226.8739 226.8739 226.8739 226.8739 226.8739 226.8739 189.2737 144.7069 140.4785 139.0027 139.0027 139.0027 139.0027 139.0027 139.0027 139.0027 139.0027 139.0027 139.0027 139.0027 139.0027 139.0027 139.0027 139.0027 139.0027 139.0027 139.0027 139.0027 139.0027 -9999 -9999
392.94 392.94 392.94 392.94 392.94 392.94 392.94 392.94 392.94 392.94 392.94 392.94 392.94 392.9344 383.7706 382.8145 382.8145 382.8145 382.8145 382.8145 382.8145 382.8145 382.8145 382.8145 382.8145 382.8145 382.8145 382.8145 382.8145 382.8145 382.8145 382.8145 184.2242 46.71023 46.71023 46.71023 46.71023 185.0217 226.8739 226.8739 226.8739 226.8739 226.8739 226.8739 226.8739 173.2564 139.0027 139.0027 139.0027 139.0027 139.0027 139.0027 139.0027 139.0027 139.0027 139.0027 139.0027 139.0027 139.0027 139.0027 139.0027 139.0027 139.0027 139.0027 139.0027 139.0027 139.0027 -9999 -9999 -9999
392.94 392.94 392.94 392.94 392.94 392.94 392.94 392.94 392.94 392.94 392.94 392.94 392.94 392.94 386.9313 382.8145 382.8145 382.8145 382.8145 382.8145 382.8145 382.8145 382.8145 382.8145 382.8145 382.8145 382.8145 382.8145 382.8145 382.8145 382.8145 382.8145 259.8553 69.02851 47.33603 46.71023 63.27828 225.3657 226.8739 226.8739 226.8739 226.8739 226.8739 226.8739 226.8739 201.0352 139.0027 139.0027 139.0027 139.0027 139.0027 139.0027 139.0027 139.0027 139.0027 139.0027 139.0027 139.0027 139.0027 139.0027 139.0027 139.0027 139.0027 139.0027 139.0027 139.0027 139.0027 -9999 -9999 -9999
392.94 392.94 392.94 392.94 392.94 392.94 392.94 392.94 392.94 392.94 392.94 392.94 392.94 392.94 392.4682 385.9433 382.8145 382.8145 382.8145 382.8145 382.8145 382.8145 382.8145 382.8145 382.8145 382.8145 380.9345 382.8145 382.8145 382.8145 381.3882 322.1972 260.0303 226.8739 165.7248 67.22182 176.4726 226.8739 226.8739 226.8739 226.8739 226.8739 226.8739 226.8739 226.8739 213.928 139.0027 139.0027 139.0027 139.0027 139.0027 139.0027 139.0027 139.0027 139.0027 139.0027 139.0027 139.0027 139.0027 139.0027 139.0027 139.0027 139.0027 139.0027 139.0027 139.0027 -9999 -9999 -9999 -9999
392.94 392.94 392.94 392.94 392.94 392.94 392.94 392.94 392.94 392.94 392.94 392.94 392.94 392.94 392.94 388.3659 382.8145 382.8145 382.8145 382.8145 382.8145 382.8145 382.8145 442.2484 803.3182 998.2666 988.6924 802.8771 441.991 382.8145 315.1903 210.2061 226.8739 226.8739 226.8739 226.8739 226.8739 226.8739 226.8739 226.8739 226.8739 226.8739 226.8739 226.8739 226.8739 207.7795 141.8839 139.0027 139.0027 139.0027 139.0027 139.0027 139.0027 139.0027 139.0027 139.0027 139.0027 139.0027 139.0027 139.0027 139.0027 139.0027 139.0027 139.0027 139.0027 139.0027 -9999 -9999 -9999 -9999
392.94 392.94 392.94 392.94 392.94 392.94 392.94 392.94 392.94 392.94 392.94 392.94 392.94 392.94 392.94 388.5677 382.8145 382.8145 382.8145 382.8145 382.8145 382.8145 426.6059 1049.704 1162.438 1162.489 1162.51 1162.494 1051.572 422.6924 217.6355 222.3962 226.8739 226.8739 226.8739 226.8739 226.8739 226.8739 226.8739 226.8739 226.8739 226.8739 226.8739 226.8739 226.8739 226.8739 215.098 139.0195 139.0027 139.0027 139.0027 139.0027 139.0027 139.0027 139.0027 139.0027 139.0027 139.0027 139.0027 139.0027 139.0027 139.0027 139.0027 139.0027 139.0027 139.0027 -9999 -9999 -9999 -9999
392.94 392.94 392.94 392.94 392.94 392.94 392.94 392.94 392.94 392.94 392.94 392.94 392.94 392.94 392.94 389.3329 382.8145 382.8145 382.8145 382.8145 382.8145 382.8145 690.2405 1162.522 1162.51 1162.51 1162.51 1162.51 1162.51 598.3 191.6807 223.5773 226.8739 226.8739 226.8739 226.8739 226.8739 226.8739 226.8739 226.8739 226.8739 226.8739 226.8739 226.8739 226.8739 226.8739 223.4257 139.127 139.0027 139.0027 139.0027 139.0027 139.0027 139.0027 139.0027 139.0027 139.0027 139.0027 139.0027 139.0027 139.0027 139.0027 139.0027 139.0027 139.0027 -9999 -9999 -9999 -9999 -9999
392.94 392.94 392.94 392.94 392.94 392.94 392.94 392.94 392.94 392.94 392.94 392.94 392.94 392.94 392.94 388.7865 382.8145 382.8145 382.8145 382.8145 382.8145 382.8145 681.9688 1162.531 1162.51 1162.51 1162.51 1162.51 1162.51 563.4283 208.7178 226.8739 226.8739 226.8739 226.8739 226.8739 226.8739 226.8739 226.8739 226.8739 226.8739 226.8739 226.8739 226.8739 226.8739 226.8739 214.5125 139.0027 139.0027 139.0027 139.0027 139.0027 139.0027 139.0027 139.0027 139.0027 139.0027 139.0027 139.0027 139.0027 139.0027 139.0027 139.0027 139.0027 -9999 -9999 -9999 -9999 -9999 -9999
273.7524 392.94 392.94 392.94 392.94 392.94 392.94 392.94 392.94 392.94 392.94 392.94 392.94 392.94 392.94 389.9637 382.8145 382.8145 382.8145 382.8145 382.8145 382.8145 418.088 1028.611 1162.51 1162.51 1162.51 1162.51 999.4516 239.8236 224.6829 226.8739 226.8739 226.8739 226.8739 226.8739 226.8739 226.8739 226.8739 226.8739 226.8739 226.8739 226.8739 226.8739 226.8739 226.8739 212.2996 139.0971 139.0027 139.0027 139.0027 139.0027 139.0027 139.0027 139.0027 139.0027 139.0027 139.0027 139.0027 139.0027 139.0027 139.0027 139.0027 139.0027 -9999 -9999 -9999 -9999 -9999 -9999
273.7524 273.7524 389.24 392.94 392.94 392.94 392.94 392.94 392.94 392.94 392.94 392.94 392.94 392.94 392.94 389.3463 382.8145 334.1057 293.2726 362.2464 382.8145 382.8145 382.7991 300.5588 670.8436 914.2496 914.3461 671.2764 246.3609 215.22 226.8739 226.8739 226.8739 226.8739 226.8739 226.8739 226.8739 226.8739 226.8739 226.8739 226.8739 226.8739 226.8739 226.8739 226.8739 226.8739 226.8739 226.0643 167.7834 139.0027 139.0027 139.0027 139.0027 139.0027 139.0027 139.0027 139.0027 139.0027 139.0027 139.0027 139.0027 139.0027 139.0027 139.0027 -9999 -9999 -9999 -9999 -9999 -9999
273.7524 273.7524 273.7524 273.7524 343.9657 392.94 392.94 392.94 392.94 387.3784 325.1823 304.4006 347.9519 391.7445 386.9077 383.3846 361.5478 192.9341 190.6854 211.5503 351.1734 359.6261 267.3246 190.6854 190.6854 190.6854 190.6854 190.6854 206.0875 226.8739 226.8739 226.8739 226.8739 226.8739 226.8739 226.8739 226.8739 226.8739 226.8739 226.8739 226.8739 226.8739 226.8739 226.8739 226.8739 226.8739 226.8739 221.264 142.3158 139.0027 139.0027 139.0027 139.0027 139.0027 139.0027 139.0027 139.0027 139.0027 139.0027 139.0027 139.0027 139.0027 139.0027 -9999 -9999 -9999 -9999 -9999 -9999 -9999
273.7524 273.7524 273.7524 273.7524 273.7524 377.286 392.94 392.94 392.94 314.9958 273.7524 273.7524 273.7524 295.4182 382.7645 382.8145 324.0695 190.6854 190.6854 190.6854 296.495 221.0467 190.6854 190.6854 190.6854 190.6854 190.6854 194.9681 225.4246 226.8739 226.8739 226.8739 226.8739 226.8739 226.8739 226.8739 226.8739 226.8739 226.8739 226.8739 226.8739 226.8739 226.8739 226.8739 226.8739 226.8739 225.2458 164.6293 139.0027 139.0027 139.0027 139.0027 139.0027 139.0027 139.0027 139.0027 139.0027 139.0027 139.0027 139.0027 139.0027 139.0027 139.0027 -9999 -9999 -9999 -9999 -9999 -9999 -9999
273.7524 273.7524 273.7524 273.7524 273.7524 275.7918 392.94 392.94 392.94 346.3363 273.7524 273.7524 273.7524 273.7524 349.465 366.2446 293.2846 190.6854 190.6854 190.6854 203.1131 190.6854 190.6854 190.6854 190.6854 190.6854 190.6854 209.3357 226.8739 226.8739 226.8739 226.8739 226.8739 226.8739 226.8739 226.8739 226.8739 226.8739 226.8739 226.8739 226.8739 226.8739 226.8739 226.8739 226.8739 221.4892 175.979 139.0027 139.0027 139.0027 139.0027 139.0027 139.0027 139.0027 139.0027 139.0027 139.0027 139.0027 139.0027 139.0027 139.0027 139.0027 -9999 -9999 -9999 -9999 -9999 -9999 -9999 -9999
273.7524 273.7524 273.7524 273.7524 273.7524 273.7524 386.7628 392.94 392.94 316.2902 273.7524 273.7524 273.7524 273.7524 280.4744 375.554 240.36 190.6854 190.6854 190.6854 190.6854 190.6854 190.6854 190.6854 190.6854 190.6854 192.4402 223.8241 226.8739 226.8739 226.8739 226.8739 226.8739 226.8739 226.8739 226.8739 226.8739 226.8739 226.8739 226.8739 226.8739 226.3664 226.8739 214.3012 171.2265 141.2809 139.0027 139.0027 139.0027 139.0027 139.0027 139.0027 139.0027 139.0027 139.0027 139.0027 139.0027 139.0027 139.0027 139.0027 139.0027 139.0027 -9999 -9999 -9999 -9999 -9999 -9999 -9999 -9999
273.7524 273.7524 273.7524 273.7524 273.7524 273.7524 293.7567 340.4669 317.0657 273.7538 273.7524 273.7524 273.7524 273.7524 305.7729 335.9471 192.4534 190.6854 190.6854 190.6854 190.6854 190.6854 190.6854 190.6854 190.6854 190.6854 204.9928 226.8739 226.8739 226.8739 226.8739 226.8739 226.8739 226.8739 226.8739 226.8739 226.8739 226.8739 226.8739 226.8739 202.5686 144.7808 147.2203 140.1694 139.0027 139.0027 139.0027 139.0027 139.0027 139.0027 139.0027 139.0027 139.0027 139.0027 139.0027 139.0027 139.0027 139.0027 139.0027 139.0027 139.0027 139.0027 -9999 -9999 -9999 -9999 -9999 -9999 -9999 -9999
273.7524 273.7524 273.7524 273.7524 273.7524 273.7524 273.7524 273.7524 273.7524 273.7524 273.7524 273.7524 273.7524 273.7524 277.3843 195.5449 190.6854 190.6854 190.6854 190.6854 190.6854 190.6854 190.6854 190.6854 190.6854 190.6854 216.7334 226.8739 226.8739 226.8739 226.8739 226.8739 226.8739 226.8739 226.8739 226.8739 226.8739 226.8739 226.8739 193.2007 140.601 139.0027 139.0027 139.0027 139.0027 139.0027 139.0027 139.0027 139.0027 139.0027 139.0027 139.0027 139.0027 139.0027 139.0027 139.0027 139.0027 139.0027 139.0027 139.0027 139.0027 139.0027 -9999 -9999 -9999 -9999 -9999 -9999 -9999 -9999
273.7524 273.7524 273.7524 273.7524 273.7524 273.7524 273.7524 273.7524 273.7524 273.7524 273.7524 273.7524 273.7524 273.7524 206.8635 190.6854 190.6854 190.6854 190.6854 190.6854 190.6854 190.6854 190.6854 190.6854 190.6854 191.0263 225.4958 226.8739 226.8739 226.8739 226.8739 226.8739 226.8739 226.8739 226.8739 220.193 193.1384 198.4217 170.5546 139.0816 139.0027 139.0027 139.0027 139.0027 139.0027 139.0027 139.0027 139.0027 139.0027 139.0027 139.0027 139.0027 139.0027 139.0027 139.0027 139.0027 139.0027 139.0027 139.0027 139.0027 139.0027 139.0027 -9999 -9999 -9999 -9999 -9999 -9999 -9999 -9999
272.7481 273.7524 273.7524 273.7524 273.7524 273.7524 273.7524 273.7524 273.7524 273.7524 273.7524 273.7524 273.7524 268.1831 191.442 190.6854 190.6854 190.6854 190.6854 190.6854 190.6854 190.6854 190.6854 190.6854 190.6854 197.1524 226.8739 226.8739 226.8739 226.8739 226.8739 226.5156 172.1749 143.1638 155.7498 143.069 139.0027 139.0027 139.0027 139.0027 139.0027 139.0027 139.0027 139.0027 139.0027 139.0027 139.0027 139.0027 139.0027 139.0027 139.0027 139.0027 139.0027 139.0027 139.0027 139.0027 139.0027 139.0027 139.0027 139.0027 139.0027 139.0027 -9999 -9999 -9999 -9999 -9999 -9999 -9999 -9999
272.7095 273.7524 273.7524 273.7524 273.7524 273.7524 273.7524 273.7524 273.7524 273.7524 273.7524 273.7524 273.7524 239.2284 190.6854 190.6854 190.6854 190.6854 190.6854 190.6854 190.6854 190.6854 190.6854 190.6854 190.6854 209.9354 226.8739 226.8739 226.8739 226.8739 224.472 173.2945 139.0027 139.0027 139.0027 139.0027 139.0027 139.0027 139.0027 139.0027 139.0027 139.0027 139.0027 139.0027 139.0027 139.0027 139.0027 139.0027 139.0027 139.0027 139.0027 139.0027 139.0027 139.0027 139.0027 139.0027 139.0027 139.0027 139.0027 139.0027 139.0027 139.0027 -9999 -9999 -9999 -9999 -9999 -9999 -9999 -9999
273.7524 273.7524 273.7524 273.7524 273.7524 273.7524 273.7524 273.7524 273.7524 273.7524 273.7524 273.7524 273.7323 210.5857 190.6854 190.6854 190.6854 190.6854 190.6854 190.6854 190.6854 190.6854 190.6854 190.6854 190.6854 219.1969 226.8739 226.8739 226.8739 201.8582 153.3601 139.0027 139.0027 139.0027 139.0027 139.0027 139.0027 139.0027 139.0027 139.0027 139.0027 139.0027 139.0027 139.0027 139.0027 139.0027 139.0027 139.0027 139.0027 139.0027 139.0027 139.0027 139.0027 139.0027 139.0027 139.0027 139.0027 139.0027 139.0027 139.0027 139.0027 139.0027 -9999 -9999 -9999 -9999 -9999 -9999 -9999 -9999
273.7524 273.7524 273.7524 273.7524 273.7524 273.7524 273.7524 273.7524 273.7524 273.7524 273.7524 273.7524 246.7808 190.6854 190.6854 190.6854 190.6854 190.6854 190.6854 190.6854 190.6854 190.6854 190.6854 190.6854 192.4348 226.4928 226.8739 225.6434 193.3729 139.2499 139.0027 139.0027 139.0027 139.0027 139.0027 139.0027 139.0027 139.0027 139.0027 139.0027 139.0027 139.0027 139.0027 139.0027 139.0027 139.0027 139.0027 139.0027 139.0027 139.0027 139.0027 139.0027 139.0027 139.0027 139.0027 139.0027 139.0027 139.0027 139.0027 139.0027 139.0027 139.0027 -9999 -9999 -9999 -9999 -9999 -9999 -9999 -9999
273.7524 273.7524 273.7524 273.7524 273.7524 273.7524 273.7524 273.7524 273.7524 273.7524 273.7524 271.2772 201.0583 190.6854 190.6854 190.6854 190.6854 190.6854 190.6854 190.6854 190.6854 190.6854 190.6854 190.6854 191.635 226.4467 188.7558 143.0558 139.0027 139.0027 139.0027 139.0027 139.0027 139.0027 139.0027 139.0027 139.0027 139.0027 139.0027 139.0027 139.0027 139.0027 139.0027 139.0027 139.0027 139.0027 139.0027 139.0027 139.0027 139.0027 139.0027 139.0027 139.0027 139.0027 139.0027 139.0027 139.0027 139.0027 139.0027 139.0027 139.0027 139.0027 -9999 -9999 -9999 -9999 -9999 -9999 -9999 -9999
273.7524 273.7524 273.7524 273.7524 273.7524 273.7524 273.7524 273.7524 273.7524 273.7524 273.7524 239.4217 190.6854 190.6854 190.6854 190.6854 190.6854 190.6854 190.6854 190.6854 190.6854 190.6854 190.6854 190.6854 190.6926 204.629 142.1739 139.0027 139.0027 139.0027 139.0027 139.0027 139.0027 139.0027 139.0027 139.0027 139.0027 139.0027 139.0027 139.0027 139.0027 139.0027 139.0027 139.0027 139.0027 139.0027 139.0027 139.0027 139.0027 139.0027 139.0027 139.0027 139.0027 139.0027 139.0027 139.0027 139.0027 139.0027 139.0027 139.0027 139.0027 139.0027 139.0027 -9999 -9999 -9999 -9999 -9999 -9999 -9999
273.7524 273.7524 273.7524 273.7524 273.7524 273.7524 273.7524 273.7524 273.7524 273.7524 273.036 203.9058 190.6854 190.6854 190.6854 190.6854 190.6854 190.6854 190.6854 190.6854 190.6854 190.6854 190.6854 190.6854 190.6854 176.5146 140.1087 139.0027 139.0027 139.0027 139.0027 139.0027 139.0027 139.0027 139.0027 139.0027 139.0027 139.0027 139.0027 139.0027 139.0027 139.0027 139.0027 139.0027 139.0027 139.0027 139.0027 139.0027 139.0027 139.0027 139.0027 139.0027 139.0027 139.0027 139.0027 139.0027 139.0027 139.0027 139.0027 139.0027 139.0027 139.0027 139.0027 -9999 -9999 -9999 -9999 -9999 -9999 -9999
262.3278 273.7524 273.7524 273.7524 273.7524 273.7524 273.7524 273.7524 273.7524 273.7524 242.9631 190.6854 190.6854 190.6854 190.6854 190.6854 190.6854 190.6854 190.6854 190.6854 190.6854 190.6854 190.6854 190.6854 190.6854 190.6854 182.2675 139.0027 139.0027 139.0027 139.0027 139.0027 139.0027 139.0027 139.0027 139.0027 139.0027 139.0027 139.0027 139.0027 139.0027 139.0027 139.0027 139.0027 139.0027 139.0027 139.0027 139.0027 139.0027 139.0027 139.0027 139.0027 139.0027 139.0027 139.0027 139.0027 139.0027 139.0027 139.0027 139.0027 139.0027 139.0027 139.0027 -9999 -9999 -9999 -9999 -9999 -9999 -9999
190.4785 263.0518 273.7524 273.7524 273.7524 273.7524 273.7524 273.7524 273.7524 270.5278 199.9703 190.6854 190.6854 190.6854 190.6854 190.6854 190.6854 190.6854 190.6854 190.6854 190.6854 190.6854 190.6854 190.6854 190.6854 190.6854 181.8681 139.0027 139.0027 139.0027 139.0027 139.0027 139.0027 139.0027 139.0027 139.0027 139.0027 139.0027 139.0027 139.0027 139.0027 139.0027 139.0027 139.0027 139.0027 139.0027 139.0027 139.0027 139.0027 139.0027 139.0027 139.0027 139.0027 139.0027 139.0027 139.0027 139.0027 139.0027 139.0027 139.0027 139.0027 139.0027 -9999 -9999 -9999 -9999 -9999 -9999 -9999 -9999
148.8826 208.1851 273.7524 273.7524 273.7524 273.7524 273.7524 273.7524 273.7524 231.6027 190.6854 190.6854 190.6854 190.6854 190.6854 190.6854 190.6854 190.6854 190.6854 190.6854 190.6854 190.6854 190.6854 190.6854 190.6854 190.6854 172.1696 139.0027 139.0027 139.0027 139.0027 139.0027 139.0027 139.0027 139.0027 139.0027 139.0027 139.0027 139.0027 139.0027 139.0027 139.0027 139.0027 139.0027 139.0027 139.0027 139.0027 139.0027 139.0027 139.0027 139.0027 139.0027 139.0027 139.0027 139.0027 139.0027 139.0027 139.0027 139.0027 139.0027 139.0027 139.0027 139.0027 -9999 -9999 -9999 -9999 -9999 -9999 -9999
148.8826 176.0354 273.7524 273.7524 273.7524 273.7524 -9999 -9999 -9999 192.0736 190.6854 190.6854 190.6854 190.6854 190.6854 190.6854 190.6854 190.6854 190.6854 190.6854 190.6854 190.6854 190.6854 190.6854 190.6854 190.6854 168.4276 139.0027 139.0027 139.0027 139.0027 139.0027 139.0027 139.0027 139.0027 139.0027 139.0027 139.0027 139.0027 139.0027 139.0027 139.0027 139.0027 139.0027 139.0027 139.0027 139.0027 139.0027 139.0027 139.0027 139.0027 139.0027 139.0027 139.0027 139.0027 139.0027 139.0027 139.0027 139.0027 139.0027 139.0027 139.0027 139.0027 -9999 -9999 -9999 -9999 -9999 -9999 -9999
