waterscout/data/rwauds00g.asc
ncols         360
nrows         360
xllcorner     28
yllcorner     -3
cellsize      0.0083333333333
NODATA_value  -9999
[rows 248 to 278 of 360, columns 210 to 279 of 360]
1681.709 1681.704 1681.704 1610.192 425.4314 422.5951 413.7466 410.199 410.199 410.199 410.199 410.199 410.199 410.199 410.199 410.199 410.199 410.199 397.0341 331.0539 317.9877 317.9877 317.9877 317.9877 317.9877 347.1326 407.0965 408.9564 352.0158 318.0892 322.8572 323.9861 301.0053 295.3252 295.3252 295.3252 295.3252 295.4544 295.3252 295.3252 295.3252 295.3252 295.3252 295.3252 295.3252 295.3252 295.3252 295.3252 295.3252 295.3252 213.885 148.8826 148.8826 148.8826 69.90759 152.8542 154.6527 153.2534 209.0175 291.4168 291.4168 291.4168 291.4168 291.4168 291.4168 291.4168 291.4168 291.4168 291.4168 291.4168
1681.704 1681.704 1681.704 1086.739 422.5951 422.5724 410.5606 410.199 410.199 410.199 410.199 410.199 410.199 410.199 410.199 393.1903 381.8838 402.8289 339.9686 317.9877 317.9877 317.9877 317.9877 317.9877 317.9877 317.9877 338.076 337.9593 317.9877 317.9877 317.9877 311.6118 295.3252 295.3252 295.3252 295.3252 295.3252 295.3252 295.3252 295.3252 295.3252 295.3252 295.3252 295.3252 295.3252 295.3252 295.3252 295.3252 295.3252 295.3252 228.1406 148.8826 148.8826 148.8826 146.8922 148.8826 148.8826 148.8826 167.8106 291.2759 291.4168 291.4168 291.4168 291.4168 291.4168 291.4168 291.4168 291.4168 291.4168 291.4168
1681.704 1623.152 1064.89 437.7785 422.5951 422.5931 420.4363 419.7912 418.2632 414.3315 410.199 410.199 410.199 410.199 410.199 362.5526 317.9877 318.0288 317.9877 317.9877 317.9877 317.9877 317.9877 317.9877 317.9877 317.9877 317.9877 317.9877 317.9877 317.9877 317.9877 309.1788 295.3252 295.3252 295.3252 295.3252 295.3252 295.3252 295.3252 295.3252 295.3252 295.3252 295.3252 295.3252 295.3252 295.3252 295.3252 295.3252 295.3252 295.3252 234.3011 148.8826 148.8826 148.8826 148.8826 148.8826 148.8826 148.8826 149.9869 271.3253 291.4168 291.4168 291.4168 291.4168 291.4168 291.4168 291.4168 291.4168 291.4168 291.4168
678.0353 468.6421 422.5951 422.5951 422.5951 422.5951 422.5951 422.5951 422.5951 420.6851 410.199 410.199 410.199 410.199 410.2231 400.4848 319.0267 317.9877 317.9877 317.9877 317.9877 317.9877 317.9877 317.9877 317.9877 317.9877 317.9877 317.9877 317.9877 317.9877 317.9877 304.3275 295.3252 295.3252 295.3252 295.3252 295.3252 295.3252 295.3252 295.3252 295.3252 295.3252 295.3252 295.3252 295.3252 295.3252 295.3252 295.3252 295.3252 295.3252 224.5519 148.8826 148.8826 148.8826 148.8826 148.8826 148.8826 148.8826 148.8826 215.6614 291.4168 291.4168 291.4168 291.4168 291.4168 291.4168 291.4168 291.4168 291.4168 291.4168
422.5951 422.5951 422.5951 422.5951 422.5951 422.5951 422.5951 422.5951 422.5951 422.0138 413.7994 413.0478 415.4623 417.2658 420.6978 422.5951 336.8231 317.9877 317.9877 317.9877 317.9877 317.9877 317.9877 317.9877 317.9877 317.9877 317.9877 317.9877 317.9877 317.9877 317.9877 312.0801 295.3252 295.3252 295.3252 295.3252 295.3252 295.3252 295.3252 295.3252 295.3252 295.3252 295.3252 295.3252 295.3252 295.3252 295.3252 295.3252 295.3252 295.3252 203.4107 148.8826 148.8826 148.8826 148.8826 148.8826 148.8826 148.8826 148.8826 163.7291 207.0781 281.0935 291.4168 291.4168 291.4168 291.4168 291.4168 291.4168 -9999 -9999
422.5951 422.5951 422.5951 422.5951 422.5951 422.5951 422.5951 422.5951 422.5951 422.5951 422.5951 422.5951 422.5951 422.5951 422.5951 422.5951 358.7487 317.9877 317.9877 317.9877 317.9877 317.9877 317.9877 317.9877 317.9877 317.9877 317.9877 317.9877 317.9877 317.9877 317.9877 315.4529 295.3252 295.3252 295.3252 295.3252 295.3252 295.3252 295.3252 295.3252 295.3252 295.3252 295.3252 295.3252 295.3252 295.3252 295.3252 255.9906 155.2991 189.3134 167.4518 148.8826 148.8826 148.8826 148.8826 148.8826 148.8826 148.8826 148.8826 148.8826 148.8826 164.5765 288.061 291.4168 291.2897 292.4762 291.4168 392.94 392.94 392.94
422.6453 422.5951 422.5951 422.5951 422.5951 422.5951 422.5951 422.5951 422.5951 422.5951 422.5951 422.5951 422.5951 422.5951 422.5951 422.5951 404.8621 320.8533 317.9877 317.9877 317.9877 317.9877 317.9877 317.9877 317.9877 317.9877 317.9877 317.9877 317.9877 317.9877 315.996 296.5759 295.3252 295.3252 295.3252 295.3252 295.3252 295.3252 295.3252 295.3252 295.3252 295.3252 295.3252 295.3252 295.3252 295.3252 295.3252 291.1702 155.6266 148.8826 148.8826 148.8826 148.8826 148.8826 148.8826 148.8826 148.8826 148.8826 148.8826 148.8826 148.8826 172.0611 276.6171 281.7159 276.4008 273.7524 -9999 392.94 392.94 392.94
433.0953 423.9765 422.5951 422.5951 422.5951 422.5951 422.5951 422.5951 422.5951 422.5951 422.5951 422.5951 422.5951 422.5951 422.5951 422.5951 376.3823 353.3868 323.0284 317.9877 317.9877 317.9877 317.9877 317.9877 317.9877 317.9877 317.9877 317.9877 317.9877 317.9877 309.0879 295.3252 295.3252 295.3252 295.3252 295.3252 295.3252 295.3252 295.3252 295.3252 295.3252 295.3252 295.3252 295.3252 295.3252 295.3252 295.3252 295.3252 202.2039 148.8826 148.8826 148.8826 148.8826 148.8826 148.8826 148.8826 148.8826 148.8826 148.8826 148.8826 148.8826 180.516 273.7524 273.7524 273.7524 273.7524 273.7524 273.7524 273.7524 306.6624
438.8298 436.5018 425.3798 422.0576 422.5923 422.5951 422.5951 422.5951 422.5299 422.5951 422.5951 422.5951 422.5951 422.5951 422.5951 419.0197 360.4349 358.5617 354.0409 342.6305 331.3676 317.9877 317.9877 317.9877 317.9877 317.9877 317.9877 317.9877 317.63 308.0141 296.2928 295.3252 295.3252 295.3252 295.3252 295.3252 295.3252 295.3252 295.3252 295.3252 295.3252 295.3252 295.3252 295.3252 295.3252 295.3252 295.3252 295.3252 241.7982 148.8826 148.8826 148.8826 148.8826 148.8826 148.8826 148.8826 148.8826 148.8826 148.8826 148.8826 148.8826 185.9537 273.7524 273.7524 273.7524 273.7524 273.7524 273.7524 273.7524 278.678
438.8298 438.8298 438.7328 398.1754 361.975 393.3113 369.4121 393.3991 361.2839 394.3108 385.9294 418.6026 422.5951 422.5951 422.5951 402.5401 358.5617 358.5617 358.5617 358.5617 355.5949 318.9969 317.9877 317.9877 317.9877 317.9877 317.9877 315.5685 298.1597 295.3252 295.3252 295.3252 295.3252 295.3252 295.3252 295.3252 295.3252 295.3252 295.3252 295.3252 295.3252 295.3252 295.3252 295.3252 295.3252 295.3252 295.3252 295.3252 274.5617 148.8855 148.8826 148.8826 148.8826 148.8826 148.8826 148.8826 148.8826 148.8826 148.8826 148.8826 148.8826 158.9322 253.7241 273.7524 273.7524 273.7524 273.7524 273.7524 273.7524 273.7524
438.8298 438.8298 438.8298 438.6579 372.1127 346.4009 346.4009 346.4009 346.4009 346.4009 346.4009 359.5265 400.6375 413.7015 371.6706 358.6151 358.5617 358.5617 358.5617 358.5617 358.5617 335.6136 317.9877 317.9877 317.9877 317.9877 317.9877 309.8289 295.3252 295.3252 295.3252 295.3252 295.3252 295.3252 295.3252 295.3252 295.3252 295.3252 295.3252 295.3252 295.3252 295.3252 295.3252 295.3252 295.3252 295.3252 295.3252 295.3252 295.3252 178.1959 148.8826 148.8826 148.8826 148.8826 148.8826 148.8826 148.8826 148.8826 148.8826 148.8826 148.8826 179.8315 273.6582 273.7524 273.7524 273.7524 273.7524 273.7524 273.7524 273.7524
438.8298 438.8298 438.8298 431.1477 357.6884 346.4009 346.4009 346.4009 346.4009 346.4009 346.4009 346.4009 346.4009 354.361 358.5617 358.5617 358.5617 358.5617 358.5617 358.5617 358.5617 357.2144 322.0917 317.9877 317.9877 317.9877 317.9877 307.4123 295.3252 295.3252 295.3252 295.3252 295.3252 295.3252 295.3252 295.3252 295.3252 295.3252 295.3252 295.3252 295.3252 295.3252 295.3252 295.3252 295.3252 295.3252 295.3252 295.3252 295.3252 221.8941 148.8826 148.8826 148.8826 148.8826 148.8826 148.8826 148.8826 148.8826 148.8826 148.8826 150.0703 232.0887 273.7524 273.7524 273.7524 273.7524 273.7524 273.7524 273.7524 273.7524
438.8298 432.7874 369.0817 350.3708 346.4009 346.4009 346.4009 346.4009 346.4009 346.4009 346.4009 346.4009 348.975 358.025 358.5617 358.5617 358.5617 358.5617 358.5617 358.5617 358.5617 358.5617 341.3241 317.9877 317.9877 317.9877 317.9877 306.0392 295.3252 295.3252 295.3252 295.3252 295.3252 295.3252 295.3252 295.3252 295.3252 295.3252 295.3252 295.3252 295.3252 295.3252 295.3252 295.3252 295.3252 295.3252 295.3252 295.3252 295.3252 235.2567 148.8826 148.8826 148.8826 148.8826 148.8826 148.8826 148.8826 148.8826 148.8826 148.8826 167.6289 263.0809 273.7524 273.7524 273.7524 -9999 273.7524 273.7524 273.7524 273.7524
438.8298 384.6882 346.4009 346.4009 346.4009 346.4009 346.4009 346.4009 346.4009 346.4009 346.4009 348.4948 357.6722 358.5617 358.5617 358.5617 358.5617 358.5617 358.5617 358.5617 358.5617 358.5617 358.5295 326.7816 317.9877 317.9877 317.9877 312.7876 295.3252 295.3252 295.3252 295.3252 295.3252 295.3252 295.3252 295.3252 295.3252 295.3252 295.3252 295.3252 295.3252 295.3252 295.3252 295.3252 295.3252 295.3252 295.3252 295.3252 295.3252 265.9016 148.8826 148.8826 148.8826 148.8826 148.8826 148.8826 148.8826 148.8826 148.8826 148.8826 148.8826 185.7077 273.7524 273.7524 273.7524 273.7524 273.7524 273.7524 273.7524 273.7524
370.8378 346.5404 346.4009 346.4009 346.4009 346.4009 346.4009 346.4009 346.4009 346.4009 346.4009 352.9659 358.5617 358.5617 358.5617 358.5617 358.5617 358.5617 358.5617 358.5617 358.5617 358.5617 358.5617 351.2169 320.5962 317.9877 317.9877 313.5546 295.3252 295.3252 295.3252 295.3252 295.3252 295.3252 295.3252 295.3252 295.3252 295.3252 295.3252 295.3252 295.3252 295.3252 295.3252 295.3252 295.3252 295.3252 295.3252 295.3252 295.3252 295.1531 160.7238 148.8826 148.8826 148.8826 148.8826 148.8826 148.8826 148.8826 148.8826 148.8826 148.8826 177.1645 265.7682 273.7524 273.7524 273.7524 273.7524 273.7524 273.7524 273.7524
346.4009 346.4009 346.4009 346.4009 346.4009 346.4009 346.4009 346.4009 346.4009 346.4009 346.4301 354.6431 358.5617 358.5617 358.5617 358.5617 358.5617 358.5617 358.5617 358.5617 358.5617 358.5617 358.5617 358.5617 351.4427 328.8666 324.0063 329.558 299.6529 295.3252 295.3252 295.3252 295.3252 295.3252 295.3252 295.3252 295.3252 295.3252 295.3252 295.3252 295.3252 295.3252 295.3252 295.3252 295.3252 295.3252 295.3252 295.3252 295.3252 294.2028 154.4786 148.8826 148.8826 148.8826 148.8826 148.8826 148.8826 148.8826 148.8826 148.8826 148.8826 148.8826 192.0351 273.7524 273.7524 273.7524 273.7524 261.0238 245.6998 273.7524
346.4009 346.4009 346.4009 346.4009 346.4009 346.4009 346.4009 346.4009 346.4009 348.6828 355.4586 358.5617 358.5617 358.5617 358.5617 358.5617 358.5617 358.5617 358.5617 358.5617 358.5617 358.5617 358.5617 358.5617 358.5617 358.5617 358.5617 358.5617 318.4133 295.3252 295.3252 295.3252 295.3252 295.3252 295.3252 295.3252 295.3252 295.3252 295.3252 295.3252 295.3252 295.3252 295.3252 295.3252 295.3252 295.3252 295.3252 295.3252 295.0203 244.5565 148.8826 148.8826 148.8826 148.8826 148.8826 148.8826 148.8826 148.8826 148.8826 148.8826 148.8826 148.8826 159.4113 229.5164 186.3983 187.2339 172.5915 160.9624 250.987 273.7524
349.5567 657.5584 951.8882 1023.779 897.2587 539.5165 346.4009 346.4009 347.559 358.0668 358.5617 358.5617 358.5617 358.5617 358.5617 358.5617 358.5617 358.5617 358.5617 358.5617 358.5617 358.5617 358.5617 358.5617 358.5617 358.5617 358.5617 358.5617 329.6352 295.3531 295.3252 295.3252 295.3252 295.3252 295.3252 295.3252 295.3252 295.3252 295.3252 295.3252 295.3252 295.3252 295.3252 295.3252 295.3252 295.3252 295.3252 269.5025 190.2763 148.8826 148.8826 148.8826 148.8826 148.8826 148.8826 148.8826 148.8826 148.8826 148.8826 148.8826 148.8826 148.8826 148.8826 148.8826 148.8826 148.8826 148.8826 148.8826 163.7905 246.0083
802.0184 1165.457 1165.457 1165.457 1165.457 1156.148 594.2963 348.0701 355.8088 358.5617 358.5617 358.5617 358.5617 358.5617 358.5617 358.5617 358.5617 358.5617 358.5617 358.5617 358.5617 358.5617 358.5617 358.5617 358.5617 358.5617 358.5617 358.5127 349.8196 343.2402 313.0232 295.4141 295.3252 295.3252 295.3252 295.3252 295.3252 295.3252 295.3252 295.3252 295.3252 295.3252 295.3252 295.3252 295.3252 295.3252 280.1755 150.8731 148.8826 148.8826 148.8826 148.8826 148.8826 148.8826 148.8826 148.8826 148.8826 148.8826 148.8826 148.8826 148.8826 148.8826 148.8826 148.8826 148.8826 148.8826 148.8826 148.8826 148.8826 200.7736
1152.175 1165.457 1165.457 1165.457 1165.457 1165.389 975.7739 357.8933 358.5617 358.5617 358.5617 358.5617 358.5617 358.5617 358.5617 358.5617 358.5617 358.5617 358.5617 358.5617 358.5617 358.5617 358.5617 358.5617 358.5617 358.5617 358.5617 355.6708 347.2231 347.2231 347.2231 340.7074 327.8979 327.0717 334.416 339.0624 340.8523 338.4417 335.2655 333.4022 324.8769 309.9211 296.2825 295.3252 295.3252 287.8461 177.6025 148.8826 148.8826 148.8826 148.8826 148.8826 148.8826 148.8826 148.8826 148.8826 148.8826 148.8826 148.8826 148.8826 148.8826 148.8826 148.8826 148.8826 148.8826 148.8826 148.8826 148.8826 148.8826 224.3017
1146.355 1165.457 1165.457 1165.457 1165.457 1165.379 966.007 358.5617 358.5617 358.5617 358.5617 358.5617 358.5617 358.5617 358.5617 358.5617 358.5617 358.5617 358.5617 358.5617 358.5617 358.5617 358.5617 358.5617 358.5617 358.5617 358.5617 354.9809 347.2231 347.2231 347.2231 347.2231 347.2231 347.2231 347.2231 347.2231 347.2231 347.2231 347.2231 347.2231 347.2231 347.2231 342.0293 327.8629 324.7715 209.2187 148.8826 148.8826 148.8826 148.8826 148.8826 148.8826 148.8826 148.8826 148.8826 148.8826 148.8826 148.8826 148.8826 148.8826 148.8826 148.8826 148.8826 148.8826 148.8826 148.8826 148.8826 148.8826 148.8826 167.3441
806.6728 1165.442 1165.44 1165.441 1165.441 1148.624 617.9274 363.0601 358.5617 358.5617 358.5617 358.5617 358.5617 358.5617 358.5617 358.5617 358.5617 358.5617 358.5617 358.5617 358.5617 358.5617 358.5617 358.5617 358.5617 358.5617 358.5172 350.1265 347.2231 347.2231 347.2231 347.2231 347.2231 347.2231 347.2231 347.2231 347.2231 347.2231 347.2231 347.2231 347.2231 347.2231 347.2231 347.2231 347.2231 225.8532 148.8826 148.8826 148.8826 148.8826 148.8826 148.8826 148.8826 148.8826 148.8826 148.8826 148.8826 148.8826 148.8826 148.8826 148.8826 148.8826 148.8826 148.8826 148.8826 148.8826 148.8826 148.8826 148.8826 194.5197
444.3994 676.3482 935.4022 998.6238 887.1283 580.6815 444.2006 417.8782 358.6618 358.5617 358.5617 358.5617 358.5617 358.5617 358.5617 358.5617 358.5617 358.5617 358.5617 358.5617 358.5617 358.5617 358.5617 358.5617 358.5617 358.5617 356.9758 347.2231 347.2231 347.2231 347.2231 347.2231 347.2231 347.2231 347.2231 347.2231 347.2231 347.2231 347.2231 347.2231 347.2231 347.2231 347.2231 347.2231 347.2231 347.2231 148.8826 148.8826 148.8826 148.8826 148.8826 148.8826 148.8826 148.8826 148.8826 148.8826 148.8826 148.8826 148.8826 148.8826 148.8826 148.8826 148.8826 148.8826 148.8826 148.8826 148.8826 148.8826 148.8826 198.4228
444.2006 444.2006 444.2006 444.2006 444.2006 444.2006 444.2006 444.2006 423.5135 367.7456 358.5617 358.5617 358.5617 358.5617 358.5617 358.5617 358.5617 358.5617 358.5617 358.5617 358.5617 358.5617 358.5617 358.5617 358.5617 358.5617 352.7767 347.2231 347.2231 347.2231 347.2231 347.2231 347.2231 347.2231 347.2231 347.2231 347.2231 347.2231 347.2231 347.2231 347.2231 347.2231 347.2231 347.2231 347.2231 347.2231 184.5697 148.8826 148.8826 148.8826 148.8826 148.8826 148.8826 148.8826 148.8826 148.8826 148.8826 148.8826 148.8826 148.8826 148.8826 148.8826 148.8826 148.8826 148.8826 148.8826 148.8826 148.8826 148.8826 202.3744
444.2006 444.2006 444.2006 444.2006 444.2006 444.2006 444.2006 444.2006 444.2006 429.2518 369.9121 358.5617 358.5617 358.5617 358.5617 358.5617 358.5617 358.5617 358.5617 358.5617 358.5617 358.5617 358.5617 358.6718 361.8303 363.8479 352.5814 347.2231 347.2231 347.2231 347.2231 347.2231 347.2231 347.2231 347.2231 347.2231 347.2231 347.2231 347.2231 347.2231 347.2231 347.2231 347.2231 347.2231 347.2231 347.2231 346.2126 148.8826 148.8826 148.8826 148.8826 148.8826 148.8826 148.8826 148.8826 148.8826 148.8826 148.8826 148.8826 148.8826 148.8826 148.8826 148.8826 148.8826 148.8826 148.8826 148.8826 148.8826 164.7426 267.4805
444.2006 444.2006 444.2006 444.2006 444.2006 444.2006 444.2006 444.2006 444.2006 444.2006 417.0895 367.1577 358.9698 366.7552 380.1901 382.291 376.25 370.5754 366.8742 375.5133 377.1749 374.2426 376.7924 382.2065 383.6694 383.1882 351.4504 347.2231 347.2231 347.2231 347.2231 347.2231 347.2231 347.2231 347.2231 347.2231 347.2231 347.2231 347.2231 347.2231 347.2231 347.2231 347.2231 347.2231 347.2231 347.2231 347.2231 154.1041 148.8826 148.8826 148.8826 148.8826 148.8826 148.8826 148.8826 148.8826 148.8826 148.8826 148.8826 148.8826 148.8826 148.8826 148.8826 148.8826 148.8826 148.8826 148.8826 148.8826 193.0249 273.7524
444.2006 444.2006 444.2006 444.2006 444.2006 444.2006 444.2006 444.2006 444.2006 444.2006 444.2006 444.1844 421.3176 383.6694 383.6694 383.6694 383.6694 383.6694 383.6694 383.6694 383.6694 383.6694 383.6694 383.6694 383.3512 356.3184 347.2231 347.2231 347.2231 347.2231 347.2231 347.2231 347.2231 347.2231 347.2231 347.2231 347.2231 347.2231 347.2231 347.2231 347.2231 347.2231 347.2231 347.2231 347.2231 347.2231 347.2231 276.6711 148.8826 148.8826 148.8826 148.8826 148.8826 148.8826 148.8826 148.8826 148.8826 148.8826 148.8826 148.8826 148.8826 148.8826 148.8826 148.8826 148.8826 148.8826 148.8826 148.8826 176.8602 254.0349
444.2006 444.2006 444.2006 444.2006 444.2006 444.2006 444.2006 444.2006 444.2006 444.2006 444.2006 444.2006 427.2403 383.6694 383.6694 383.6694 383.6694 383.6694 383.6694 383.6694 383.6694 383.6694 383.6694 383.6694 377.1712 347.2231 347.2231 347.2231 347.2231 347.2231 347.2231 347.2231 347.2231 347.2231 347.2231 347.2231 347.2231 347.2231 347.2231 347.2231 347.2231 347.2231 347.2231 347.2231 347.2231 347.2231 347.2231 341.379 148.8826 148.8826 148.8826 148.8826 148.8826 148.8826 148.8826 148.8826 148.8826 148.8826 148.8826 148.8826 148.8826 148.8826 148.8826 148.8826 148.8826 148.8826 148.8826 148.8826 148.8826 166.7415
444.2006 444.2006 444.2006 444.2006 404.8792 410.1982 423.9683 424.4202 409.9672 422.4236 441.2688 435.8055 416.3687 383.6694 383.6694 383.6694 383.6694 383.6694 383.6694 383.6694 383.6694 383.6694 383.6694 383.6694 382.9148 354.1749 347.2231 347.2231 347.2231 347.2231 347.2231 347.2231 347.2231 347.2231 347.2231 347.2231 347.2231 347.2231 347.2231 347.2231 347.2231 347.2231 347.2231 347.2231 347.2231 347.2231 347.2231 332.0569 148.8826 148.8826 148.8826 148.8826 148.8826 148.8826 148.8826 148.8826 148.8826 148.8826 148.8826 148.8826 148.8826 148.8826 148.8826 148.8826 148.8826 148.8826 148.8826 148.8826 148.8826 148.8826
444.2006 444.2006 444.2006 444.2006 397.7229 369.3091 369.3091 369.3091 369.3091 369.3091 369.4983 369.4061 382.448 383.6694 383.6694 383.6694 383.6694 383.6694 383.6694 383.6694 383.6694 383.6694 383.6694 383.6694 383.6694 364.0665 347.2231 347.2231 347.2231 347.2231 347.2231 347.2231 347.2231 347.2231 347.2231 347.2231 347.2231 347.2231 347.2231 347.2231 347.2231 347.2231 347.2231 347.2231 347.2231 347.2231 347.2231 304.7587 148.8826 148.8826 148.8826 148.8826 148.8826 148.8826 148.8826 148.8826 148.8826 148.8826 148.8826 148.8826 148.8826 148.8826 148.8826 148.8826 148.8826 148.8826 148.8826 148.8826 148.8826 148.8826
444.2006 444.2006 444.2006 444.2006 424.1088 369.3091 369.3091 369.3091 369.3091 369.3091 369.3091 370.1661 383.6694 383.6694 383.6694 383.6694 383.6694 383.6694 383.6694 383.6694 383.6694 383.6694 383.6694 383.6694 383.6694 358.531 347.2231 347.2231 347.2231 347.2231 347.2231 347.2231 347.2231 347.2231 347.2231 347.2231 347.2231 347.2231 347.2231 347.2231 347.2231 347.2231 347.2231 347.2231 347.2231 347.2231 347.2231 311.5002 148.8826 148.8826 148.8826 148.8826 148.8826 148.8826 148.8826 148.8826 148.8826 148.8826 148.8826 148.8826 148.8826 148.8826 148.8826 148.8826 148.8826 148.8826 148.8826 148.8826 148.8826 -9999
