waterscout/data/rwauds00g.asc
ncols         360
nrows         360
xllcorner     28
yllcorner     -3
cellsize      0.0083333333333
NODATA_value  -9999
[rows 186 to 216 of 360, columns 140 to 209 of 360]
-9999 -9999 -9999 -9999 -9999 -9999 -9999 -9999 -9999 -9999 -9999 -9999 -9999 -9999 -9999 -9999 -9999 -9999 -9999 760.6315 760.6315 731.5975 465.0135 461.7567 461.7567 461.7567 461.7567 461.7567 461.7567 461.7567 461.7567 461.7567 461.7567 461.7567 473.9997 480.3288 480.3288 480.3288 480.3288 442.3004 403.2667 362.5379 358.6021 358.6021 358.6021 358.6021 358.6021 422.1431 572.0499 572.0499 572.0499 572.0499 572.0499 572.0499 572.0499 572.0499 572.3217 642.0659 645.6904 645.6904 645.6904 667.8462 780.6161 825.3471 855.2292 934.5128 935.6605 935.6605 935.6605 935.6603
-9999 -9999 -9999 -9999 -9999 -9999 -9999 -9999 -9999 -9999 -9999 -9999 -9999 -9999 -9999 -9999 -9999 -9999 -9999 760.6315 760.6315 760.6315 535.0864 461.7567 461.7567 461.7567 461.7567 461.7567 461.7567 461.7567 461.7567 461.7567 461.7567 461.7567 474.7224 480.3288 480.3288 480.3288 480.3288 480.3288 480.3288 435.677 360.8977 358.6021 358.6021 358.6021 374.1903 517.0598 572.0499 572.0499 572.0499 572.0499 572.0499 572.0499 572.0499 572.0499 572.0499 622.8637 645.6903 645.6903 645.6903 645.6903 645.6903 645.6903 645.6903 714.1968 910.6623 935.6604 935.6604 935.6603
-9999 -9999 -9999 -9999 -9999 -9999 -9999 -9999 -9999 -9999 -9999 -9999 -9999 -9999 -9999 -9999 -9999 -9999 760.6315 760.6315 760.6315 760.6315 633.408 461.7567 461.7567 461.7567 461.7567 461.7567 461.7567 461.7567 461.7567 461.7567 461.7567 461.7567 474.9427 480.3288 480.3288 480.3288 480.3288 480.3288 480.3288 480.3288 463.9591 390.9193 395.942 445.7196 483.1901 530.123 568.9234 572.0499 572.0499 572.0499 572.0499 572.0499 572.0499 572.0499 572.0499 587.2238 641.9705 645.6903 645.6903 645.6903 645.6903 645.6903 645.6903 645.6903 691.0446 836.7914 935.4918 935.6604
-9999 -9999 -9999 -9999 -9999 -9999 -9999 -9999 -9999 -9999 -9999 -9999 -9999 -9999 -9999 -9999 -9999 -9999 760.6315 760.6315 760.6315 760.6315 726.4352 462.2032 461.7567 461.7567 461.7567 461.7567 461.7567 461.7567 461.7567 461.7567 461.7567 461.7567 475.5545 480.3288 480.3288 480.3288 480.3288 480.3288 480.3288 480.3288 480.3288 480.3288 480.3288 480.3288 480.3288 480.3288 492.8268 533.5535 569.4385 572.0301 572.0499 572.0499 572.0093 572.0499 572.0499 572.0499 616.8907 645.6902 645.6902 645.6902 645.6902 645.6902 645.6902 645.6902 645.6902 645.6902 774.7443 855.8942
-9999 -9999 -9999 -9999 -9999 -9999 -9999 -9999 -9999 -9999 -9999 -9999 -9999 -9999 -9999 -9999 -9999 760.6315 760.6315 760.6315 760.6315 760.6315 760.6315 504.2846 461.7567 461.7567 461.7567 461.7567 461.7567 461.7567 461.7567 461.7567 461.7567 486.0645 476.7714 480.3288 480.3288 480.3288 480.3288 480.3288 480.3288 480.3288 480.3288 480.3288 480.3288 480.3288 480.3288 480.3288 480.3288 489.1359 567.0295 568.7261 569.5003 569.0549 568.7631 571.3817 584.3776 600.138 636.7095 645.6903 645.6903 645.6903 645.6902 645.6903 645.6903 645.6903 645.6903 645.6903 645.6903 645.6903
-9999 -9999 -9999 -9999 -9999 -9999 -9999 -9999 -9999 -9999 -9999 -9999 -9999 -9999 -9999 -9999 760.6315 760.6315 760.6315 760.6315 760.6315 760.6315 760.062 497.7071 461.7567 461.7567 461.7567 461.7567 461.7567 461.7567 461.7567 461.7567 461.7567 513.9301 490.2677 480.3288 480.3288 480.3288 480.3288 480.3288 480.3288 480.3288 480.3288 480.3288 480.3288 480.3288 480.3288 480.3288 480.3288 516.3739 568.3202 568.3202 568.3202 568.3202 568.3202 569.127 611.7368 645.6903 645.6903 645.6903 645.6903 645.6903 645.6903 645.6903 645.6903 645.6903 645.6903 645.6903 645.6903 645.6903
-9999 -9999 -9999 -9999 -9999 -9999 -9999 -9999 -9999 -9999 -9999 -9999 -9999 -9999 -9999 760.6315 760.6315 760.6315 760.6315 760.6315 760.6315 760.6315 698.8109 461.7567 461.7567 461.7567 461.7567 461.7567 461.7567 461.7567 461.7567 461.7567 461.7567 517.3177 490.4305 480.3288 480.3288 480.3288 480.3288 480.3288 480.3288 480.3288 480.3288 480.3288 480.3288 480.3288 480.3288 480.3288 480.3288 511.864 568.3202 568.3202 568.3202 568.3202 568.3202 568.3202 627.4636 645.6902 645.6902 645.6902 645.6902 645.6902 645.6903 644.1437 645.6031 645.6902 645.6902 645.6902 637.0515 624.0878
-9999 -9999 -9999 -9999 -9999 -9999 -9999 -9999 -9999 -9999 -9999 -9999 -9999 -9999 760.6315 760.6315 760.6315 760.6315 760.6315 760.6315 760.6315 760.6315 706.1506 461.7567 461.7567 461.7567 461.7567 461.7567 461.7567 461.7567 461.7567 461.7567 463.8777 519.6816 487.0204 480.3288 480.3288 480.3288 480.3288 480.4105 488.255 480.3288 480.3288 480.3288 480.3288 480.3288 480.3288 480.3288 480.7742 542.2957 568.3202 568.3202 568.3202 568.3202 568.3202 568.3202 638.6093 645.6902 645.6902 645.6902 636.5632 617.4053 590.4605 582.0563 612.3678 645.6902 645.6902 630.2522 545.752 530.1051
-9999 -9999 -9999 -9999 -9999 -9999 -9999 -9999 -9999 -9999 -9999 -9999 -9999 760.6315 760.6315 760.6315 760.6315 760.6315 760.6315 760.6315 760.6315 760.6315 707.7188 461.7567 461.7567 461.7567 461.7567 461.7567 461.7567 461.7567 461.7567 461.7567 473.5731 519.7656 496.6771 480.3288 480.3288 481.1432 494.8857 510.951 517.8669 495.0399 486.432 480.3288 480.3288 480.3288 480.3288 480.3288 515.1321 568.3202 568.3202 568.3202 568.3202 568.3202 568.3202 568.3202 621.6244 627.9617 613.2762 611.262 595.963 579.0764 579.0764 579.0764 581.9771 607.8231 584.2141 533.9061 530.1051 530.1051
-9999 -9999 -9999 -9999 -9999 -9999 -9999 -9999 -9999 -9999 -9999 -9999 760.6315 760.6315 760.6315 760.6315 760.6315 760.6315 760.6315 760.6315 760.6315 760.6315 743.5324 478.944 461.7567 461.7567 461.7567 461.7567 461.7567 461.7567 461.7567 461.7567 484.0501 519.7656 518.7481 501.5951 497.3967 511.8816 519.7656 519.7656 519.7656 519.7656 516.829 499.2997 486.9924 480.449 480.3463 503.9018 562.8749 568.3202 568.3202 568.3202 568.3202 568.3202 568.3202 569.9314 578.8857 579.0764 579.0764 579.0764 579.0764 579.0764 579.0764 579.0764 579.0764 579.0764 543.1412 530.1051 530.1051 530.1051
-9999 -9999 -9999 -9999 -9999 -9999 -9999 -9999 -9999 -9999 -9999 1236.143 966.2842 760.6315 760.6315 760.6315 760.6315 760.6315 760.6315 760.6315 760.6315 760.6315 760.6315 642.324 461.7567 461.7567 461.7567 461.7567 461.7567 461.7567 461.7567 461.7567 494.5271 519.7656 519.7656 519.7656 519.7656 519.7656 519.7656 519.7656 519.7656 519.7656 519.7656 519.7656 519.7656 516.8322 511.0474 566.6763 568.3202 568.3202 568.3202 568.3202 568.3202 568.3202 568.3202 571.6899 579.0764 579.0764 579.0764 579.0764 579.0764 579.0764 579.0764 579.0764 579.0764 579.0764 555.6083 530.1051 530.1051 530.1051
-9999 -9999 -9999 -9999 -9999 -9999 -9999 -9999 -9999 -9999 -9999 1252.25 1153.208 862.6016 860.5542 872.9189 788.2649 760.6315 760.6315 760.6315 760.6315 760.6315 760.6315 753.329 485.007 461.7567 461.7567 461.7567 456.3607 457.9108 447.8394 440.7531 505.0041 519.7656 519.7656 519.7656 519.7656 519.7656 519.7656 519.7656 519.7656 519.7656 519.7656 519.7656 519.7656 519.7656 519.7656 553.4617 567.4281 568.3202 568.3202 568.3202 568.3202 568.3202 568.3202 570.4279 579.0764 579.0764 579.0764 579.0764 579.0764 579.0764 579.0764 579.0764 579.0764 579.0764 575.0086 532.3322 530.1051 530.1051
-9999 -9999 -9999 -9999 -9999 -9999 -9999 -9999 -9999 -9999 1532.829 1532.522 1236.143 1236.143 1236.143 1236.143 1216.412 1083.829 930.254 760.6315 760.6315 760.6315 739.4844 615.4562 427.284 442.2296 448.0776 424.252 367.6106 361.4553 360.705 360.7112 505.8602 519.7656 519.7656 519.7656 519.7656 519.7656 519.7656 519.7656 519.7656 519.7656 519.7656 519.7656 519.7656 519.7656 519.7656 519.7656 542.8138 568.3203 568.3203 568.3203 568.3203 568.3203 568.3203 529.5068 555.9377 579.0764 579.0764 579.0764 579.0764 579.0764 579.0764 579.0764 579.0764 579.0764 579.0764 561.5316 531.6854 530.1051
-9999 -9999 -9999 -9999 -9999 -9999 -9999 -9999 -9999 -9999 1532.829 1532.568 1247.871 1236.143 1236.143 1236.143 1236.143 1236.143 1234.917 841.1158 650.5729 502.7498 378.1401 360.705 360.705 360.705 360.705 360.705 360.705 360.705 360.705 367.2778 519.3143 519.7656 519.7656 519.7656 519.7656 519.7656 519.7656 519.7656 519.7656 519.7656 519.7656 519.7656 519.7656 519.7656 519.7656 519.7656 521.4903 547.8801 550.8137 554.6545 568.3202 568.3202 568.3202 468.0093 528.7849 579.0764 579.0764 579.0764 579.0764 579.0764 579.0764 579.0764 579.0764 579.0764 579.0764 579.0764 570.8014 544.8153
-9999 -9999 -9999 -9999 -9999 -9999 -9999 -9999 -9999 1532.829 1532.829 1532.829 1532.568 1247.872 1236.154 1247.872 1236.143 1236.143 1236.143 886.5636 360.705 360.705 360.705 360.705 360.705 360.705 360.705 360.705 360.705 360.705 360.705 387.7645 519.7656 519.7656 519.7656 519.7656 519.7656 519.7656 519.7656 519.7656 519.7656 519.7656 519.7656 519.7656 519.7656 519.7656 519.7656 519.7656 519.7656 512.0001 430.7714 435.829 489.9882 504.1691 486.2145 425.7275 525.4943 579.0764 579.0764 579.0764 562.1772 517.893 530.457 548.1163 546.44 555.7291 571.381 579.0764 578.6511 510.6783
-9999 -9999 -9999 -9999 -9999 -9999 -9999 -9999 -9999 1532.829 1532.829 1532.829 1532.829 1532.568 1248.143 1532.568 1247.882 1247.869 1236.143 871.6595 360.705 360.705 360.705 360.705 360.705 360.705 360.705 360.705 360.705 360.705 360.705 408.7025 519.7656 519.7656 519.7656 519.7656 519.7656 519.7656 519.7656 519.7656 519.7656 510.8082 466.973 482.9132 504.8734 510.8745 514.86 519.7656 513.8065 461.5298 425.6334 425.6334 425.6334 425.6334 425.6334 425.6334 528.3159 579.0764 579.0764 579.0764 507.2103 475.8787 475.8787 475.8787 475.8787 475.8787 494.1557 520.1938 504.0533 475.8787
-9999 -9999 -9999 -9999 -9999 -9999 -9999 -9999 1532.829 1532.829 1532.829 1532.829 1532.838 1532.852 1504.416 1532.833 1514.597 1520.76 1236.143 1153.001 415.8055 360.705 360.705 360.705 360.705 360.705 360.705 360.705 360.705 360.705 360.705 407.5955 519.7392 519.7656 519.7656 519.7656 519.7656 519.7656 504.3537 494.595 509.9507 446.2377 425.6334 425.6334 425.7534 426.3333 434.9446 484.338 479.7175 425.6334 425.6334 425.6334 425.6334 425.6334 425.6334 425.6334 543.8025 573.243 526.7695 511.7006 476.9784 475.8787 475.8787 475.8787 475.8787 475.8787 475.8787 475.8787 475.8787 475.8787
-9999 -9999 -9999 -9999 -9999 -9999 -9999 -9999 1532.829 1532.829 1532.829 1532.829 1532.852 1532.227 814.1381 1503.779 1015.656 1204.183 1138.771 1232.026 656.0585 360.705 360.705 360.705 360.705 360.705 360.705 360.705 360.705 360.705 360.705 371.2682 444.3864 473.0439 480.4653 491.5892 503.2884 513.4101 453.0999 425.6334 425.6334 425.6334 425.6334 425.6334 425.6334 425.6334 425.6334 425.6334 426.9254 425.6334 425.6334 425.6334 425.6334 425.6334 425.6334 433.4907 485.5281 490.3358 475.8787 475.8787 475.8787 475.8787 475.8787 475.8787 475.8787 475.8787 475.8787 475.8787 475.8787 475.8787
-9999 -9999 -9999 -9999 -9999 -9999 -9999 -9999 -9999 1532.829 1532.829 1532.845 1532.854 1503.779 813.5056 813.5056 846.9066 413.0548 364.6974 489.9219 360.705 360.705 360.705 360.705 360.705 360.705 360.705 360.705 360.705 360.705 360.705 361.3308 421.3307 425.6334 425.6334 425.6334 425.6334 425.6334 425.6334 425.6334 425.6334 425.6334 425.6334 425.6334 425.6334 425.6334 425.6334 425.6334 425.6334 425.6334 425.6334 425.6334 425.6334 425.6334 425.6334 430.8946 475.8787 475.8787 475.8787 475.8787 475.8787 475.8787 475.8787 475.8787 475.8787 475.8787 475.8787 475.8787 475.8787 475.8787
-9999 -9999 -9999 -9999 -9999 -9999 -9999 -9999 -9999 -9999 1532.87 1532.886 1532.227 813.5055 813.5055 813.5055 806.2613 391.2 360.705 360.705 360.705 360.705 360.705 360.705 360.705 360.705 360.705 360.705 360.705 360.705 370.9226 398.4098 424.1631 425.6334 425.6334 425.6334 425.6334 425.6334 425.6334 425.6334 425.6334 425.6334 425.6334 425.6334 425.6334 425.6334 425.6334 425.6334 425.6334 425.6334 425.6334 425.6334 425.6334 425.6334 425.6334 426.3407 473.9294 475.8787 475.8787 475.8787 475.8787 475.8787 475.8787 475.8787 475.8787 475.8787 475.8787 475.8787 475.8787 475.8787
-9999 -9999 -9999 -9999 -9999 -9999 -9999 -9999 -9999 -9999 1460.944 1532.859 1503.779 813.5055 813.5055 813.5055 705.9088 360.705 360.705 360.705 360.705 360.705 360.705 360.705 360.705 360.705 360.705 360.705 360.705 360.705 390.6909 425.6334 425.6334 425.6334 425.6334 425.6334 425.6334 425.6334 425.6334 425.6334 425.6334 425.6334 425.6334 425.6334 425.6334 425.6334 425.6334 425.6334 425.6334 425.6334 425.6334 425.6334 425.6334 425.6334 425.6334 456.207 509.9016 463.9225 475.8787 475.8787 475.8787 475.8787 475.8787 475.8787 475.8787 475.8787 475.8787 475.8787 475.8787 475.8787
-9999 -9999 -9999 -9999 -9999 -9999 -9999 -9999 -9999 -9999 814.3701 1503.779 813.5056 813.5056 813.5056 813.5056 756.5149 367.447 360.705 360.705 360.705 360.705 360.705 360.705 360.705 360.705 360.705 360.705 360.705 360.705 372.7131 406.5049 382.15 387.8121 421.3295 425.6334 425.6334 425.6334 425.6334 425.6334 425.6334 425.6334 425.6334 425.6334 425.6334 425.6334 425.6334 425.6334 425.6334 425.6334 425.6334 425.6334 425.6334 425.7465 510.5882 596.076 598.7133 559.4594 517.9033 427.8964 429.0126 430.4439 425.4364 456.4059 475.8787 475.8787 475.8787 475.8787 475.8787 475.8787
-9999 -9999 -9999 -9999 -9999 -9999 -9999 -9999 -9999 -9999 813.5054 813.5054 813.5055 813.5054 813.5054 813.5054 813.5054 562.9903 360.705 360.705 360.705 360.705 360.705 360.705 360.705 360.705 360.705 360.705 360.705 360.705 360.705 360.705 336.8488 325.7347 356.5373 425.6334 425.6334 425.6334 425.6334 425.6334 425.6334 425.6334 425.6334 416.2617 399.8597 425.2733 425.6334 423.3269 386.6145 405.6807 424.8373 425.6334 425.6334 474.2738 598.7133 598.7133 598.7133 598.7133 598.7133 481.5833 404.1299 404.1299 404.1299 405.9303 473.5899 475.8787 475.8787 475.8787 475.8787 475.6856
-9999 -9999 -9999 -9999 -9999 -9999 -9999 -9999 -9999 -9999 -9999 813.5054 813.5055 813.5056 813.5055 813.5055 813.5055 776.6911 392.068 360.705 360.705 360.705 360.705 360.705 360.705 360.705 360.705 360.705 360.705 360.705 360.705 360.705 356.1067 329.943 325.751 403.3162 425.6334 425.6334 425.6334 425.6334 425.6334 425.6334 407.991 346.9439 325.7347 338.5474 359.7167 335.9761 325.7347 325.7347 336.6678 347.0335 369.637 592.3649 598.7133 598.7133 598.7133 598.7133 598.7133 474.1518 404.1299 404.1299 404.1299 404.1299 431.4659 474.6886 456.5752 398.2929 413.034 413.1082
-9999 -9999 -9999 -9999 -9999 -9999 -9999 -9999 -9999 -9999 -9999 -9999 813.5054 813.5055 813.5056 813.5056 813.5056 813.5056 675.294 360.705 360.705 360.705 360.705 360.705 360.705 360.705 360.705 360.705 360.705 360.705 360.705 360.705 360.705 345.9351 325.7347 336.9417 399.7656 425.6334 425.6334 425.6334 425.6334 423.3752 340.4857 325.7347 325.7347 325.7347 325.7347 325.7347 325.7347 325.7347 325.7347 325.7347 336.9261 592.8269 598.7133 598.7133 598.7133 598.7133 598.7133 482.352 404.1299 404.1299 404.1299 404.1299 404.1299 403.786 351.5563 346.9235 346.9235 364.0544
-9999 -9999 -9999 -9999 -9999 -9999 -9999 -9999 -9999 -9999 -9999 813.5055 813.5056 813.5056 813.5055 813.5055 813.5055 813.5056 751.4503 364.4151 360.705 360.705 360.705 360.705 360.705 360.705 360.705 360.705 360.705 360.705 360.705 360.705 360.705 350.9027 325.7347 325.7347 326.1025 349.1646 368.6813 394.006 423.5982 384.5502 325.7347 325.7347 325.7347 325.7347 325.7347 325.7347 325.7347 325.7347 325.7347 325.7347 365.7285 593.2149 598.7133 598.7133 598.7133 598.7133 598.7133 569.8867 404.8073 404.1299 404.1299 404.1299 404.1299 373.9391 346.9235 346.9235 346.9235 365.1106
-9999 -9999 -9999 -9999 -9999 -9999 -9999 -9999 -9999 -9999 -9999 -9999 813.5056 813.5056 813.5056 813.5055 813.5055 813.5056 813.5055 529.2533 360.705 360.705 360.705 360.705 360.705 360.705 360.705 360.705 360.705 360.705 360.705 360.705 360.705 342.627 325.7347 325.7347 325.7347 325.7347 325.7347 325.7347 350.9728 331.0992 325.7347 325.7347 325.7347 325.7347 325.7347 325.7347 325.7347 328.1957 325.8074 325.7347 412.8675 598.7133 598.7133 598.7133 598.7133 598.7133 598.7133 598.7133 453.8615 404.1299 404.1299 404.1299 404.1299 364.0716 346.9235 346.9235 346.9235 354.0112
-9999 -9999 -9999 -9999 -9999 -9999 -9999 -9999 -9999 -9999 -9999 813.5055 813.5055 813.5056 813.5055 813.5055 813.5055 813.5056 813.5055 755.2365 360.705 360.705 360.705 360.705 360.705 360.705 360.705 360.705 360.705 360.705 360.705 346.5131 347.6197 338.1511 325.7347 325.7347 325.7347 325.7347 325.7347 325.7347 325.7347 325.7347 325.7347 325.7347 325.7347 325.7347 325.7347 325.7347 396.3714 538.7883 578.3701 562.5951 597.5279 598.7133 598.7133 598.7133 598.7133 598.7133 598.7133 598.7133 489.3919 404.1299 404.1299 404.1299 404.1299 372.5201 346.9235 346.9235 346.9235 346.9235
-9999 -9999 -9999 -9999 -9999 -9999 -9999 -9999 -9999 -9999 -9999 813.5055 813.5055 813.5056 813.5056 813.5056 813.5056 813.5055 780.8364 617.3707 360.7075 360.705 360.705 360.705 360.705 360.705 360.705 360.705 359.2273 358.21 344.8675 325.7409 325.7347 325.7347 325.7347 325.7347 325.7347 325.7347 325.7347 325.7347 325.7347 325.7347 325.7347 325.7347 325.7347 325.7347 325.7347 325.7347 528.8199 598.7133 598.7133 598.7133 598.7133 598.7133 598.7133 598.7133 598.7133 598.7133 598.7133 598.7133 437.1608 404.1299 404.1299 404.1299 404.1299 369.2833 346.9235 346.9235 346.9235 346.9235
-9999 -9999 -9999 -9999 -9999 -9999 -9999 -9999 -9999 -9999 -9999 -9999 813.5056 813.5055 813.5055 813.5055 813.5055 744.9581 470.6295 441.7982 404.8486 361.8096 360.705 360.705 360.705 360.705 360.705 360.705 346.6813 333.2495 325.7347 325.7347 325.7347 325.7347 325.7347 325.7347 325.7347 325.7347 325.7347 325.7347 325.7347 325.7347 325.7347 325.7347 325.7347 325.7347 325.7347 325.7347 358.92 557.4706 598.7133 598.7133 598.7133 598.7133 598.7133 598.7133 598.7133 598.7133 598.7133 598.7133 439.0177 404.1299 404.1299 404.1299 404.1299 369.4536 346.9235 346.9235 346.9235 346.9235
-9999 -9999 -9999 -9999 -9999 -9999 -9999 -9999 -9999 -9999 -9999 -9999 575.9944 577.3781 576.2424 608.1183 543.158 458.6062 441.7982 441.7982 441.7982 437.2697 419.1618 367.4761 360.705 360.705 360.705 360.705 360.705 340.2507 325.7347 325.7347 325.7347 325.7347 325.7347 325.7347 325.7347 325.7347 325.7347 325.7347 325.7347 325.7347 325.7347 325.7347 325.7347 325.7347 325.7347 325.7347 325.7347 369.102 593.1619 598.7133 598.7133 598.7133 598.7133 598.7133 598.7133 598.7133 598.7133 598.7133 475.5483 404.1299 404.1299 404.1299 404.1299 399.8758 367.1198 346.9235 346.9235 346.9235
