waterscout/data/rwauds00g.asc
ncols         360
nrows         360
xllcorner     28
yllcorner     -3
cellsize      0.0083333333333
NODATA_value  -9999
[rows 217 to 247 of 360, columns 280 to 349 of 360]
49.82718 49.82718 49.82718 49.82718 49.82718 49.82718 49.82718 49.82718 49.82718 49.82718 49.82718 49.81872 48.24871 46.71023 46.71023 46.71023 46.71023 46.71023 46.71023 46.71023 46.71023 46.71023 46.71023 46.71023 46.71023 46.71023 46.71023 46.71023 46.71023 46.71023 46.71023 46.71023 46.71023 46.71023 46.71023 46.71023 46.71023 46.71023 46.71023 46.71023 46.71023 46.71023 46.71023 46.71023 46.71023 46.71023 46.71023 46.71023 46.71023 46.71023 46.71023 46.71023 46.71023 46.71023 46.71023 46.71023 46.71023 46.71023 46.71023 -9999 -9999 -9999 -9999 -9999 -9999 -9999 -9999 -9999 -9999 -9999
49.82718 49.82718 49.82718 49.82718 49.82718 49.82718 49.82718 49.82718 49.82718 49.82718 49.82702 47.9259 46.71023 46.71023 46.71023 46.71023 46.71023 46.71023 46.71023 46.71023 46.71023 46.71023 46.71023 46.71023 46.71023 46.71023 46.71023 46.71023 46.71023 46.71023 46.71023 46.71023 46.71023 46.71023 46.71023 46.71023 46.71023 46.71023 46.71023 46.71023 46.71023 46.71023 46.71023 46.71023 46.71023 46.71023 46.71023 46.71023 46.71023 46.71023 46.71023 46.71023 46.71023 -9999 -9999 -9999 -9999 -9999 46.71023 -9999 -9999 -9999 -9999 -9999 -9999 -9999 -9999 -9999 -9999 -9999
49.82718 49.82718 49.82718 49.82718 49.82718 49.82718 49.82718 49.82718 49.82718 49.82718 49.60764 46.71023 46.71023 46.71023 46.71023 46.71023 46.71023 46.71023 46.71023 46.71023 46.71023 46.71023 46.71023 46.71023 46.71023 46.71023 46.71023 46.71023 46.71023 46.71023 46.71023 46.71023 46.71023 46.71023 46.71023 46.71023 46.71023 46.71023 46.71023 46.71023 46.71023 46.71023 46.71023 46.71023 46.71023 46.71023 46.71023 46.71023 46.71023 46.71023 46.71023 46.71023 -9999 -9999 -9999 -9999 -9999 46.71023 46.71023 -9999 -9999 -9999 -9999 -9999 -9999 -9999 -9999 -9999 -9999 -9999
49.82718 49.82718 49.82718 49.82718 49.82718 49.82718 49.82718 49.82718 49.82718 49.82718 49.27192 77.38146 75.15308 56.84979 85.30298 79.32805 46.71023 46.71023 46.71023 46.71023 46.71023 46.71023 46.71023 46.71023 46.71023 46.71023 46.71023 46.71023 46.71023 46.71023 46.71023 46.71023 46.71023 46.71023 46.71023 46.71023 46.71023 46.71023 46.71023 46.71023 46.71023 46.71023 46.71023 46.71023 46.71023 46.71023 46.71023 46.71023 46.71023 46.71023 46.71023 -9999 -9999 -9999 -9999 -9999 -9999 46.71023 46.71023 -9999 -9999 -9999 -9999 -9999 -9999 -9999 -9999 -9999 -9999 -9999
49.82718 49.82718 49.82718 49.82718 49.82718 49.82718 49.82718 49.82718 49.82718 49.82718 -9999 458.2251 458.0613 458.0613 458.0613 458.0613 369.4953 46.71023 46.71023 46.71023 46.71023 46.71023 46.71023 46.71023 46.71023 46.71023 46.71023 46.71023 46.71023 46.71023 46.71023 46.71023 46.71023 46.71023 46.71023 46.71023 46.71023 46.71023 46.71023 46.71023 46.71023 46.71023 46.71023 46.71023 46.71023 46.71023 46.71023 46.71023 46.71023 46.71023 46.71023 -9999 -9999 -9999 -9999 -9999 -9999 46.71023 46.71023 46.71023 -9999 -9999 -9999 -9999 -9999 -9999 -9999 -9999 -9999 -9999
49.82718 49.82718 49.82718 49.82718 49.82718 49.82718 88.73662 157.9521 458.0706 458.0706 458.0613 458.0613 458.0613 458.0613 458.0613 458.0613 458.0613 408.2134 48.21116 46.71023 46.71023 46.71023 46.71023 46.71023 46.71023 46.71023 46.71023 46.71023 46.71023 46.71023 46.71023 46.71023 46.71023 46.71023 46.71023 46.71023 46.71023 46.71023 46.71023 46.71023 46.71023 46.71023 46.71023 46.71023 46.71023 46.71023 46.71023 46.71023 46.71023 46.71023 46.71023 46.71023 -9999 -9999 -9999 -9999 -9999 46.71023 46.71023 46.71023 -9999 -9999 -9999 -9999 -9999 -9999 -9999 -9999 -9999 -9999
95.55832 49.82718 49.82718 50.144 132.5334 270.0768 345.6405 458.0706 458.0706 458.0706 458.0688 458.0613 458.0613 458.0613 458.0613 458.0613 458.0613 458.0613 434.6737 46.71023 46.71023 46.71023 46.71023 46.71023 46.71023 46.71023 46.71023 46.71023 46.71023 46.71023 46.71023 46.71023 46.71023 46.71023 46.71023 46.71023 46.71023 46.71023 46.71023 46.71023 46.71023 46.71023 46.71023 46.71023 46.71023 46.71023 46.71023 46.71023 46.71023 46.71023 46.71023 46.71023 -9999 -9999 -9999 -9999 -9999 46.71023 46.71023 46.71023 -9999 -9999 -9999 -9999 -9999 -9999 -9999 -9999 -9999 -9999
372.95 232.6063 238.8477 282.1204 457.6188 457.7059 458.0706 458.0706 458.0706 458.0706 458.0706 458.0613 458.0613 458.0613 458.0613 458.0613 458.0613 458.0613 458.0613 371.0453 158.9847 87.79082 95.49358 64.3634 46.71023 46.71023 46.71023 46.71023 46.71023 46.71023 46.71023 46.71023 46.71023 46.71023 46.71023 46.71023 46.71023 46.71023 46.71023 46.71023 46.71023 46.71023 46.71023 46.71023 46.71023 46.71023 46.71023 46.71023 46.71023 46.71023 46.71023 46.71023 -9999 -9999 -9999 -9999 -9999 46.71023 46.71023 -9999 -9999 -9999 -9999 -9999 -9999 -9999 -9999 -9999 -9999 -9999
401.4566 401.4149 441.5032 458.0706 458.0706 458.0706 458.0706 458.0706 458.0706 458.0706 458.0706 458.062 458.0613 458.0613 458.0613 458.0613 458.0613 458.0613 458.0613 458.0613 365.0206 264.4922 264.4922 206.2167 46.71023 46.71023 46.71023 46.71023 46.71023 46.71023 46.71023 46.71023 46.71023 46.71023 46.71023 46.71023 46.71023 46.71023 46.71023 46.71023 46.71023 46.71023 46.71023 46.71023 46.71023 46.71023 46.71023 46.71023 46.71023 46.71023 46.71023 46.71023 -9999 -9999 -9999 -9999 46.71023 46.71023 46.71023 -9999 -9999 -9999 -9999 -9999 -9999 -9999 -9999 -9999 -9999 -9999
401.4566 401.4566 457.7962 458.0706 458.0706 458.0706 458.0706 458.0706 458.0706 458.0706 458.0706 458.0644 458.0613 458.0613 458.0613 458.0613 458.0613 458.0613 458.0613 458.0613 371.2805 264.4922 264.4922 263.9151 70.83569 46.71023 46.71023 46.71023 46.71023 46.71023 46.71023 46.71023 46.71023 46.71023 46.71023 46.71023 46.71023 46.71023 46.71023 46.71023 46.71023 46.71023 46.71023 46.71023 46.71023 46.71023 46.71023 46.71023 46.71023 46.71023 46.71023 -9999 -9999 46.71023 -9999 46.71023 46.71023 46.71023 -9999 -9999 -9999 -9999 -9999 -9999 -9999 -9999 -9999 -9999 -9999 -9999
401.4566 401.4566 401.4566 458.0706 458.0706 458.0706 458.0706 458.0706 458.0706 458.0706 458.0706 344.9023 250.4655 301.17 366.916 438.6132 458.0613 458.0613 458.0613 458.0613 350.8851 264.4922 264.4922 264.4922 142.2865 46.71023 46.71023 46.71023 46.71023 46.71023 46.71023 46.71023 46.71023 58.80973 78.02104 46.71023 46.71023 46.71023 46.71023 46.71023 46.71023 46.71023 46.71023 46.71023 46.71023 46.71023 46.71023 46.71023 -9999 -9999 -9999 -9999 46.71023 46.71023 46.71023 46.71023 46.71023 46.71023 -9999 -9999 -9999 -9999 -9999 -9999 -9999 -9999 -9999 -9999 -9999 -9999
401.4566 401.4566 401.4566 446.0546 458.0706 458.0706 458.0706 458.0706 458.0706 458.0706 458.0706 329.3979 185.9358 185.9358 197.2867 270.1708 327.7159 394.3745 451.157 404.3766 274.7668 264.4922 264.4922 264.4922 223.9402 109.1551 78.78295 46.71023 46.71023 46.71023 46.71023 46.71023 46.73054 189.5708 258.5542 172.988 70.40496 46.71023 46.71023 46.71023 46.71023 46.71023 46.71023 46.71023 46.71023 46.71023 46.71023 -9999 -9999 -9999 -9999 -9999 46.71023 46.71023 46.71023 46.71023 46.71023 46.71023 -9999 -9999 -9999 -9999 -9999 -9999 -9999 -9999 -9999 -9999 -9999 -9999
401.4566 401.4566 401.4566 439.6799 458.0706 458.0706 458.0706 458.0706 458.0706 458.0706 458.0706 384.3727 185.9358 185.9358 186.1569 230.6835 264.4922 264.4922 264.4922 264.4922 264.4922 264.4922 264.4922 264.4922 264.4922 264.4922 218.1544 50.96285 46.71023 46.71023 46.71023 56.86594 173.0505 264.4922 264.4922 264.4922 246.88 147.1472 52.88054 46.71023 46.71023 46.71023 46.71023 46.71023 46.71023 46.71023 46.71023 46.71023 -9999 -9999 -9999 46.71023 46.71023 46.71023 46.71023 46.71023 46.71023 46.71023 -9999 -9999 -9999 -9999 -9999 -9999 -9999 -9999 -9999 -9999 -9999 -9999
401.4566 401.4566 401.4566 443.6207 458.0706 458.0706 458.0706 458.0706 458.0706 458.0706 458.0706 448.3156 200.6171 185.9358 185.9358 189.112 262.3323 264.4922 264.4922 264.4922 264.4922 264.4922 264.4922 264.4922 264.4922 264.4922 264.4922 230.0258 152.9965 168.751 210.7055 259.8718 264.4922 264.4922 264.4922 264.4922 264.4922 264.4922 251.6557 200.3554 152.923 62.35592 46.71023 46.71023 46.71023 46.71023 46.71023 46.71023 -9999 46.71023 46.71023 46.71023 46.71023 46.71023 46.71023 46.71023 46.71023 -9999 -9999 -9999 -9999 -9999 -9999 -9999 -9999 -9999 -9999 -9999 -9999 -9999
401.4566 401.4566 401.4566 422.3531 457.303 458.0706 458.0706 458.0706 458.0706 539.1812 905.5411 1090.216 1050.744 790.6042 292.9981 185.9358 256.4872 264.4922 264.4922 264.4922 264.4922 264.4922 264.4922 264.4922 264.4922 264.4922 264.4922 264.4922 264.4922 264.4922 264.4922 264.4922 264.4922 264.4922 264.4922 264.4922 264.4922 264.4922 264.4922 264.4922 261.6543 57.8961 46.71023 46.71023 46.71023 46.71023 46.71023 46.71023 -9999 46.71023 46.71023 46.71023 46.71023 46.71023 46.71023 46.71023 46.71023 -9999 -9999 -9999 -9999 -9999 -9999 -9999 -9999 -9999 -9999 -9999 -9999 -9999
401.4566 401.4566 401.4566 401.4566 409.1066 419.8732 442.2184 455.6656 525.6715 1138.099 1215.139 1215.178 1215.209 1215.212 1106.251 273.4405 259.1967 264.4922 264.4922 264.4922 264.4922 264.4922 264.4922 264.4922 264.4922 264.4922 264.4922 264.4922 264.4922 264.4922 264.4922 264.4922 264.4922 264.4922 264.4922 264.4922 264.4922 264.4922 264.4922 264.4922 194.8283 46.71023 46.71023 46.71023 46.71023 46.71023 46.71023 46.71023 46.71023 46.71023 46.71023 46.71023 46.71023 46.71023 46.71023 46.71023 46.71023 46.71023 -9999 -9999 -9999 -9999 -9999 -9999 -9999 -9999 -9999 -9999 -9999 -9999
357.6561 401.4566 401.4566 390.0317 372.4333 357.1624 330.0306 299.467 752.0515 1215.196 1215.21 1215.212 1215.212 1215.212 1215.212 650.451 257.8486 264.4922 264.4922 264.4922 264.4922 264.4922 264.4922 264.4922 264.4922 264.4922 264.4922 264.4922 264.4922 264.4922 264.4922 264.4922 264.4922 264.4922 264.4922 264.4922 264.4922 264.4922 264.4922 264.4922 113.1243 46.71023 46.71023 46.71023 46.71023 46.71023 46.71023 46.71023 46.71023 46.71023 46.71023 46.71023 46.71023 46.71023 46.71023 46.71023 46.71023 46.71023 46.71023 -9999 -9999 -9999 -9999 -9999 -9999 -9999 -9999 -9999 -9999 -9999
299.7399 391.0351 385.8587 298.1996 291.4168 291.4168 291.4168 291.4168 708.7275 1215.2 1215.212 1215.212 1215.212 1215.212 1215.212 642.9318 250.7086 264.8704 264.5071 264.4922 264.4922 264.4922 264.4922 264.4922 264.4922 264.4922 264.4922 264.4922 264.4922 264.4922 264.4922 264.4922 264.4922 264.4922 264.4922 264.4922 264.4922 264.4922 264.4922 231.8234 50.45037 46.71023 46.71023 46.71023 46.71023 46.71023 46.71023 46.71023 46.71023 46.71023 46.71023 46.71023 46.71023 46.71023 46.71023 46.71023 46.71023 46.71023 46.71023 -9999 -9999 -9999 -9999 -9999 -9999 -9999 -9999 -9999 -9999 -9999
291.4168 301.0201 292.739 291.4168 291.4168 291.4168 291.4168 291.4168 364.1445 1105.924 1215.205 1215.212 1215.212 1215.212 1089.462 263.0219 250.4225 266.9651 266.8356 265.484 264.4922 264.4922 264.4922 264.4922 264.7791 264.6086 264.4922 264.4922 264.4922 264.4922 264.4922 264.4922 264.4922 264.4922 264.4922 264.4922 264.4922 264.4922 264.4922 94.51299 46.71023 46.71023 46.71023 46.71023 46.71023 46.71023 46.71023 46.71023 46.71023 46.71023 46.71023 46.71023 46.71023 46.71023 46.71023 46.71023 46.71023 46.71023 46.71023 70.75227 -9999 -9999 -9999 -9999 -9999 -9999 -9999 -9999 -9999 -9999
291.4168 291.4168 291.4168 291.4168 291.4168 291.4168 291.4168 291.4168 291.4168 374.3173 789.527 1010.937 1009.943 756.6782 275.7455 185.9358 244.6586 266.9651 266.9651 266.8355 264.8217 264.4922 264.4922 264.4922 265.7131 266.7072 264.7799 264.4922 264.4922 264.4922 264.4969 265.1241 264.6373 264.4922 264.4922 264.4922 264.4922 264.4922 264.4922 64.28295 46.71023 46.71023 46.71023 46.71023 46.71023 46.71023 46.71023 46.71023 46.71023 46.71023 46.71023 46.71023 46.71023 46.71023 46.71023 46.71023 46.71023 46.71023 78.16377 138.9087 -9999 -9999 -9999 -9999 -9999 -9999 -9999 -9999 -9999 -9999
291.4168 291.4168 291.4168 291.4168 291.4168 291.4168 291.4168 291.4168 291.4168 291.4168 254.1978 185.9358 185.9358 185.9358 185.9358 185.9358 241.0553 266.9651 266.9651 266.9651 266.7945 266.4557 266.5133 264.8342 265.8381 266.9651 265.7838 264.4922 264.6732 265.9245 266.645 266.9651 266.845 265.6491 264.4956 264.4922 264.4922 264.4922 254.5241 46.76395 46.71023 46.71023 46.71023 46.71023 46.71023 46.71023 46.71023 46.71023 46.71023 46.71023 46.71023 46.71023 46.71023 46.71023 46.71023 46.71023 46.71023 64.085 132.3825 139.0027 139.0027 -9999 -9999 -9999 -9999 -9999 -9999 -9999 -9999 -9999
291.4168 291.4168 291.4168 291.4168 291.4168 291.4168 291.4168 291.4168 291.4168 291.4168 251.2421 185.9358 185.9358 185.9358 185.9358 185.9358 227.8817 266.9651 266.9651 266.9651 266.9651 266.9651 266.9651 265.2037 266.2126 266.9651 266.7326 265.6106 266.6097 266.9651 266.9651 266.9651 266.9651 266.9651 266.0442 264.4967 264.4922 264.4922 237.2827 46.71023 46.71023 46.71023 46.71023 46.71023 46.71023 46.71023 46.71023 46.71023 46.71023 46.71023 46.71023 46.71023 46.71023 46.71023 46.71023 46.71023 81.46525 134.6229 139.0027 139.0027 139.0027 -9999 -9999 -9999 -9999 -9999 -9999 -9999 -9999 -9999
291.4168 291.4168 291.4168 291.4168 291.4168 291.4168 291.4168 291.4168 291.4168 291.4168 240.1906 185.9358 185.9358 185.9358 185.9358 185.9358 205.5615 266.6158 266.9651 266.9651 266.9651 266.9651 266.9651 265.6845 266.881 266.9651 266.9651 266.9651 266.9651 266.9651 266.9651 266.9651 266.9651 266.9651 266.9651 265.7019 264.4922 264.4922 171.7252 46.71023 46.71023 46.71023 46.71023 46.71023 46.71023 46.71023 46.71023 46.71023 46.71023 46.71023 46.71023 46.71023 46.71023 46.71023 46.71023 109.9804 140.3287 139.0027 139.0027 139.0027 139.0027 139.0027 -9999 -9999 -9999 -9999 -9999 -9999 -9999 -9999
291.4168 291.4168 291.4168 291.4168 291.4168 291.4168 291.4168 291.4168 291.4168 291.4168 230.0057 185.9358 185.9358 185.9358 185.9358 185.9358 185.9358 219.284 266.9651 266.9651 266.9651 266.9651 266.9651 266.9651 266.9651 266.9651 266.9651 266.9651 266.9651 266.9651 266.9651 266.9651 266.9651 266.9651 266.9651 266.9651 265.4681 199.3286 47.51798 46.71023 46.71023 46.71023 46.71023 46.71023 46.71023 46.71023 46.71023 46.71023 46.71023 46.71023 46.71023 46.71023 46.71023 46.71023 62.97879 183.0206 139.0027 139.0027 139.0027 139.0027 139.0027 139.0027 139.0027 -9999 -9999 -9999 -9999 -9999 -9999 -9999
291.4168 291.4168 291.4168 291.4168 291.4168 291.4168 291.4168 291.4168 291.4168 291.4168 201.4143 185.9358 185.9358 185.9358 185.9358 185.9358 185.9358 198.2933 266.9651 266.9651 266.9651 266.9651 266.9651 266.9651 266.9651 266.9651 266.9651 266.9651 266.9651 266.9651 266.9651 266.9651 266.9651 266.9651 266.9651 266.9651 265.6371 127.7665 46.71023 46.71023 46.71023 46.71023 46.71023 46.71023 46.71023 46.71023 46.71023 46.71023 46.71023 46.71023 47.77857 47.76073 46.71241 71.79173 162.8572 226.8739 139.0027 139.0027 139.0027 139.0027 139.0027 139.0027 139.0027 -9999 -9999 -9999 -9999 -9999 -9999 -9999
291.4168 291.4168 291.4168 291.4168 291.4168 291.4168 291.4168 291.4168 291.4168 287.9557 186.4083 185.9358 185.9358 185.9358 185.9358 185.9358 185.9358 198.6914 266.9651 266.9651 266.9651 266.9651 266.9651 266.9651 266.9651 266.9651 266.9651 266.9651 266.9651 266.9651 266.9651 266.9651 266.9651 266.9651 266.9651 266.9651 264.9829 124.7986 46.71023 46.71023 46.71023 46.71023 46.71023 46.71023 46.71023 46.71023 46.71023 46.71023 59.77867 46.71023 46.71023 226.8739 218.6313 224.8859 -9999 139.0027 139.0027 139.0027 139.0027 139.0027 139.0027 139.0027 139.0027 139.0027 -9999 -9999 -9999 -9999 -9999 -9999
291.4168 291.4168 291.4168 291.4168 291.4168 291.4168 291.4168 291.4168 291.4168 291.1205 192.3184 185.9358 185.9358 185.9358 185.9358 185.9358 185.9358 209.8952 266.9651 266.9651 266.9651 266.9651 266.9651 266.9651 266.9651 266.9651 266.9651 266.9651 266.9651 266.9651 266.9651 266.9651 266.9651 266.9651 266.9651 266.9651 141.8122 48.60479 46.71023 46.71023 46.71023 46.71023 46.71023 46.71023 46.71023 46.71023 50.8809 46.71023 73.60425 94.685 223.7577 226.8739 226.8739 -9999 139.0027 139.0027 139.0027 139.0027 139.0027 139.0027 139.0027 139.0027 139.0027 139.0027 139.0027 -9999 -9999 -9999 -9999 -9999
291.4168 291.4168 291.4168 291.4168 291.4168 291.4168 291.4168 291.4168 291.4168 291.4168 211.1763 185.9358 185.9358 185.9358 185.9358 185.9358 185.9358 232.9823 266.9651 266.9651 266.9651 266.9651 266.9651 266.9651 266.9651 266.9651 266.9651 266.9651 266.9651 266.9651 266.9651 266.9651 266.9651 266.9651 266.9651 233.1429 48.64328 46.71023 46.71023 46.71023 46.71023 46.71023 46.71023 46.71023 49.19565 88.28941 50.38011 46.71023 48.74437 83.3474 226.8739 226.8739 139.0027 139.0027 139.0027 139.0027 139.0027 -9999 139.0027 139.0027 139.0027 139.0027 139.0027 139.0027 139.0027 139.0027 -9999 -9999 -9999 -9999
291.4168 291.4168 291.4168 291.4168 291.4168 291.4168 291.4168 291.4168 291.4168 291.4168 236.8545 185.9358 185.9358 185.9358 185.9358 185.9358 185.9358 266.9287 318.5483 348.1063 277.8011 266.9651 266.9651 266.9651 266.9651 266.9651 266.9651 266.9651 266.9651 266.9651 266.9651 266.9651 266.9651 266.9651 266.9651 192.1772 46.71023 46.71023 46.71023 46.71023 46.71023 46.71023 46.71023 46.71023 46.71023 56.12254 -9999 -9999 -9999 226.8739 226.8739 155.7646 139.0027 139.0027 139.0027 139.0027 139.0027 139.0027 139.0027 139.0027 139.0027 139.0027 139.0027 139.0027 139.0027 139.0027 -9999 -9999 -9999 -9999
291.4168 291.4168 291.4168 291.4168 291.4168 291.4168 291.4168 291.4168 291.4168 291.4168 274.7043 186.1057 185.9358 238.9639 353.101 330.0302 260.9111 375.5307 382.8145 382.8145 350.692 271.8511 266.9651 271.79 324.4533 334.3319 306.1277 266.9651 266.9651 266.9651 266.9651 266.9651 266.9651 266.9651 266.9651 134.8521 46.71023 46.71023 46.71023 46.71023 46.71023 46.71023 46.71023 46.71023 89.79366 225.7624 226.8739 226.8739 226.8739 226.8739 222.7712 139.0027 139.0027 139.0027 139.0027 139.0027 139.0027 139.0027 139.0027 139.0027 139.0027 139.0027 139.0027 139.0027 139.0027 139.0027 139.0027 -9999 -9999 -9999
291.4168 291.4168 291.4168 291.4168 291.4168 291.4168 291.4168 291.4168 291.4168 291.4168 291.4168 211.7744 201.5678 367.2887 382.8145 382.8145 382.8145 382.8145 382.8145 382.8145 382.8145 366.3466 332.5242 365.6367 382.8145 382.8145 371.8061 324.0184 347.3865 279.6141 266.9651 266.9651 266.9651 266.9651 249.7293 55.12489 46.71023 46.71023 46.71023 46.71023 46.71023 46.71023 46.71023 51.63797 184.0624 226.8739 226.8739 226.8739 226.8739 226.8739 198.8664 139.0027 139.0027 139.0027 139.0027 139.0027 139.0027 139.0027 139.0027 139.0027 139.0027 139.0027 139.0027 139.0027 139.0027 139.0027 139.0027 -9999 -9999 -9999
